2.738612787525830303e-02 1.803647840087372056e-01 1.825741858350553670e+01
2.745849688774178524e-02 1.858830792554119760e-01 1.825741858350553670e+01
2.753105713843142024e-02 1.878653350738870298e-01 1.825741858350553670e+01
2.760380913268230263e-02 1.905436727655920315e-01 1.825741858350553670e+01
2.767675337718500730e-02 2.001403421769336610e-01 1.825741858350553670e+01
2.774989037996901386e-02 2.224482368872837401e-01 1.825741858350553670e+01
2.782322065040631828e-02 2.008642947090543140e-01 1.825741858350553670e+01
2.789674469921496480e-02 2.099858745883735611e-01 1.825741858350553670e+01
2.797046303846255355e-02 2.372322531181908778e-01 1.825741858350553670e+01
2.804437618156989040e-02 2.314970490222966193e-01 1.825741858350553670e+01
2.811848464331445988e-02 3.241114785675620613e-01 1.825741858350553670e+01
2.819278893983413053e-02 2.726347862931464139e-01 1.825741858350553670e+01
2.826728958863066257e-02 2.871452419903712250e-01 1.825741858350553670e+01
2.834198710857330564e-02 3.113089878583846781e-01 1.825741858350553670e+01
2.841688201990248686e-02 3.352527331715727810e-01 1.825741858350553670e+01
2.849197484423339477e-02 3.730516329616479498e-01 1.825741858350553670e+01
2.856726610455954593e-02 3.845141736526921372e-01 1.825741858350553670e+01
2.864275632525657700e-02 4.173614421552293563e-01 1.825741858350553670e+01
2.871844603208573155e-02 5.212456520648632852e-01 1.825741858350553670e+01
2.879433575219763480e-02 5.288668093513350099e-01 1.825741858350553670e+01
2.887042601413596088e-02 5.559019524579834615e-01 1.825741858350553670e+01
2.894671734784101322e-02 5.884745203544058390e-01 1.825741858350553670e+01
2.902321028465355141e-02 6.426250654141449914e-01 1.825741858350553670e+01
2.909990535731837163e-02 6.747391983977686358e-01 1.825741858350553670e+01
2.917680309998810576e-02 7.173207982792626503e-01 1.825741858350553670e+01
2.925390404822691276e-02 7.383926585108314677e-01 1.825741858350553670e+01
2.933120873901415640e-02 7.513496296490059789e-01 1.825741858350553670e+01
2.940871771074825627e-02 8.135441973332853127e-01 1.825741858350553670e+01
2.948643150325030646e-02 8.299050941482584154e-01 1.825741858350553670e+01
2.956435065776794741e-02 8.387591429587499814e-01 1.825741858350553670e+01
2.964247571697909561e-02 8.399942626045902028e-01 1.825741858350553670e+01
2.972080722499565938e-02 8.310862144938678808e-01 1.825741858350553670e+01
2.979934572736745932e-02 8.121097945504204274e-01 1.825741858350553670e+01
2.987809177108588857e-02 7.905870036998219330e-01 1.825741858350553670e+01
2.995704590458782984e-02 7.633630652224500102e-01 1.825741858350553670e+01
3.003620867775944406e-02 7.313162223082727564e-01 1.825741858350553670e+01
3.011558064193993467e-02 6.857159741615691528e-01 1.825741858350553670e+01
3.019516234992550979e-02 6.521150264561709209e-01 1.825741858350553670e+01
3.027495435597309797e-02 6.172940131729743873e-01 1.825741858350553670e+01
3.035495721580432418e-02 5.782378316161366216e-01 1.825741858350553670e+01
3.043517148660933661e-02 5.611286960795760503e-01 1.825741858350553670e+01
3.051559772705062651e-02 4.732102846294333753e-01 1.825741858350553670e+01
3.059623649726702851e-02 4.336021556853654202e-01 1.825741858350553670e+01
3.067708835887756474e-02 4.062831693434412195e-01 1.825741858350553670e+01
3.075815387498530978e-02 3.773387211654433693e-01 1.825741858350553670e+01
3.083943361018143606e-02 3.519073497820381369e-01 1.825741858350553670e+01
3.092092813054899553e-02 4.091718593151987271e-01 1.825741858350553670e+01
3.100263800366699282e-02 3.031835955767319124e-01 1.825741858350553670e+01
3.108456379861428837e-02 3.011971143856099764e-01 1.825741858350553670e+01
3.116670608597350151e-02 2.815480743164397448e-01 1.825741858350553670e+01
3.124906543783510793e-02 2.562152704694710126e-01 1.825741858350553670e+01
3.133164242780130115e-02 2.610726151081533275e-01 1.825741858350553670e+01
3.141443763099006914e-02 2.451632273489930958e-01 1.825741858350553670e+01
3.149745162403919801e-02 2.374758137421442705e-01 1.825741858350553670e+01
3.158068498511019950e-02 2.624482537663876403e-01 1.825741858350553670e+01
3.166413829389248119e-02 2.070011226506837665e-01 1.825741858350553670e+01
3.174781213160721843e-02 2.085331326324612045e-01 1.825741858350553670e+01
3.183170708101156626e-02 1.781588348601906568e-01 1.825741858350553670e+01
3.191582372640260068e-02 1.960240508490184996e-01 1.825741858350553670e+01
3.200016265362142648e-02 1.903879529091317691e-01 1.825741858350553670e+01
3.208472445005728507e-02 1.856067397921505602e-01 1.825741858350553670e+01
3.216950970465156517e-02 1.817064407273924487e-01 1.825741858350553670e+01
3.225451900790202164e-02 1.755183245389995428e-01 1.825741858350553670e+01
3.233975295186680005e-02 1.705293355405181621e-01 1.825741858350553670e+01
3.242521213016855836e-02 1.714148922664689989e-01 1.825741858350553670e+01
3.251089713799866499e-02 1.690446602139147880e-01 1.825741858350553670e+01
3.259680857212131355e-02 3.266972977350627305e-01 1.825741858350553670e+01
3.268294703087760988e-02 1.653259775709623181e-01 1.825741858350553670e+01
3.276931311418988108e-02 1.634650245932819379e-01 1.825741858350553670e+01
3.285590742356571392e-02 1.646739611410043547e-01 1.825741858350553670e+01
3.294273056210222234e-02 1.645539817195386667e-01 1.825741858350553670e+01
3.302978313449028008e-02 1.651139666787755367e-01 1.825741858350553670e+01
3.311706574701858002e-02 1.636636569942849229e-01 1.825741858350553670e+01
3.320457900757806807e-02 1.644265622878669231e-01 1.825741858350553670e+01
3.329232352566596775e-02 1.655114981414392561e-01 1.825741858350553670e+01
3.338029991239020722e-02 1.643393024949838521e-01 1.825741858350553670e+01
3.346850878047356870e-02 1.688008937283390076e-01 1.825741858350553670e+01
3.355695074425794205e-02 1.658901581383805113e-01 1.825741858350553670e+01
3.364562641970869628e-02 3.409643533119486869e-01 1.825741858350553670e+01
3.373453642441887057e-02 1.751753098667987174e-01 1.825741858350553670e+01
3.382368137761354587e-02 1.776005068292421385e-01 1.825741858350553670e+01
3.391306190015415389e-02 1.857897426787619433e-01 1.825741858350553670e+01
3.400267861454270985e-02 1.792432521217966479e-01 1.825741858350553670e+01
3.409253214492629497e-02 1.939609083713821625e-01 1.825741858350553670e+01
3.418262311710125456e-02 2.013911654249560812e-01 1.825741858350553670e+01
3.427295215851768051e-02 2.071811168313891505e-01 1.825741858350553670e+01
3.436351989828372727e-02 2.242491248475344534e-01 1.825741858350553670e+01
3.445432696716994869e-02 2.266140232660731613e-01 1.825741858350553670e+01
3.454537399761377359e-02 2.351985005375694382e-01 1.825741858350553670e+01
3.463666162372389806e-02 2.445046848723249344e-01 1.825741858350553670e+01
3.472819048128459457e-02 2.539601167552627548e-01 1.825741858350553670e+01
3.481996120776031239e-02 2.725024107369546922e-01 1.825741858350553670e+01
3.491197444229995200e-02 2.862339267133839904e-01 1.825741858350553670e+01
3.500423082574146555e-02 3.939852601790398423e-01 1.825741858350553670e+01
3.509673100061620060e-02 3.148042126691373288e-01 1.825741858350553670e+01
3.518947561115341044e-02 3.346022223144347052e-01 1.825741858350553670e+01
3.528246530328481290e-02 3.543290498628992036e-01 1.825741858350553670e+01
3.537570072464894105e-02 3.767459066349932995e-01 1.825741858350553670e+01
3.546918252459580617e-02 4.015418759889785028e-01 1.825741858350553670e+01
3.556291135419135940e-02 4.356989345417647264e-01 1.825741858350553670e+01
3.565688786622194656e-02 4.740824054709544266e-01 1.825741858350553670e+01
3.575111271519902656e-02 5.761879488415748707e-01 1.825741858350553670e+01
3.584558655736355681e-02 5.696937108191449939e-01 1.825741858350553670e+01
3.594031005069067697e-02 5.916171905627096717e-01 1.825741858350553670e+01
3.603528385489426777e-02 6.465209444063132471e-01 1.825741858350553670e+01
3.613050863143147523e-02 7.026844543081848249e-01 1.825741858350553670e+01
3.622598504350743598e-02 7.572339657222196818e-01 1.825741858350553670e+01
3.632171375607979452e-02 8.172682079567782365e-01 1.825741858350553670e+01
3.641769543586337310e-02 8.702850862733273463e-01 1.825741858350553670e+01
3.651393075133486932e-02 9.198165985402428912e-01 1.825741858350553670e+01
3.661042037273738031e-02 9.719459735014310819e-01 1.825741858350553670e+01
3.670716497208521834e-02 9.973612194014602750e-01 1.825741858350553670e+01
3.680416522316848349e-02 1.050511172397944337e+00 1.825741858350553670e+01
3.690142180155779605e-02 1.038404777121231026e+00 1.825741858350553670e+01
3.699893538460902881e-02 1.087712058194540976e+00 1.825741858350553670e+01
3.709670665146795610e-02 1.081168281632097994e+00 1.825741858350553670e+01
3.719473628307504859e-02 1.068663417434489560e+00 1.825741858350553670e+01
3.729302496217020563e-02 9.634410424338445411e-01 1.825741858350553670e+01
3.739157337329745284e-02 1.002036908281913830e+00 1.825741858350553670e+01
3.749038220280980632e-02 9.830183395585546657e-01 1.825741858350553670e+01
3.758945213887392861e-02 9.351732800965365522e-01 1.825741858350553670e+01
3.768878387147506226e-02 8.930249575522493100e-01 1.825741858350553670e+01
3.778837809242174828e-02 8.553944338337678976e-01 1.825741858350553670e+01
3.788823549535061397e-02 8.114052718330104774e-01 1.825741858350553670e+01
3.798835677573131342e-02 7.438474871810841771e-01 1.825741858350553670e+01
3.808874263087128759e-02 6.680315734445316789e-01 1.825741858350553670e+01
3.818939375992060070e-02 6.216289823096015077e-01 1.825741858350553670e+01
3.829031086387694321e-02 6.762554559669698984e-01 1.825741858350553670e+01
3.839149464559030861e-02 5.563626792474696270e-01 1.825741858350553670e+01
3.849294580976810043e-02 5.080596920529973914e-01 1.825741858350553670e+01
3.859466506297987154e-02 4.749143363104792459e-01 1.825741858350553670e+01
3.869665311366234789e-02 4.794087966828486369e-01 1.825741858350553670e+01
3.879891067212435513e-02 4.202419313720547334e-01 1.825741858350553670e+01
3.890143845055167582e-02 3.952138687400970629e-01 1.825741858350553670e+01
3.900423716301210791e-02 3.757177812777223180e-01 1.825741858350553670e+01
3.910730752546044686e-02 3.532481330604866354e-01 1.825741858350553670e+01
3.921065025574334284e-02 2.701704093790632810e-01 1.825741858350553670e+01
3.931426607360445635e-02 3.166723874120062621e-01 1.825741858350553670e+01
3.941815570068935015e-02 3.015752280019050047e-01 1.825741858350553670e+01
3.952231986055059626e-02 2.892676893443944519e-01 1.825741858350553670e+01
3.962675927865282749e-02 2.742912249226306387e-01 1.825741858350553670e+01
3.973147468237762936e-02 2.617337834729056567e-01 1.825741858350553670e+01
3.983646680102886223e-02 2.527194628372357310e-01 1.825741858350553670e+01
3.994173636583747689e-02 2.436351884115043887e-01 1.825741858350553670e+01
4.004728410996682975e-02 2.321910370712666483e-01 1.825741858350553670e+01
4.015311076851766497e-02 2.263890057157991742e-01 1.825741858350553670e+01
4.025921707853320763e-02 2.250235875417811449e-01 1.825741858350553670e+01
4.036560377900445112e-02 2.129036917885848701e-01 1.825741858350553670e+01
4.047227161087511155e-02 2.055868064985018062e-01 1.825741858350553670e+01
4.057922131704691515e-02 2.003255538059208474e-01 1.825741858350553670e+01
4.068645364238477474e-02 1.956013387692336070e-01 1.825741858350553670e+01
4.079396933372187589e-02 1.901563454745423820e-01 1.825741858350553670e+01
4.090176913986499213e-02 1.854442039805349884e-01 1.825741858350553670e+01
4.100985381159960586e-02 1.812944750850319642e-01 1.825741858350553670e+01
4.111822410169523739e-02 1.778235343026713378e-01 1.825741858350553670e+01
4.122688076491060061e-02 1.779723257754549648e-01 1.825741858350553670e+01
4.133582455799886951e-02 1.719741942463610673e-01 1.825741858350553670e+01
4.144505623971301428e-02 1.697368765960777515e-01 1.825741858350553670e+01
4.155457657081103318e-02 1.665220950031298941e-01 1.825741858350553670e+01
4.166438631406122611e-02 1.652753849529925434e-01 1.825741858350553670e+01
4.177448623424759311e-02 1.627992935848966705e-01 1.825741858350553670e+01
4.188487709817504540e-02 1.614306502093021123e-01 1.825741858350553670e+01
4.199555967467488715e-02 1.600017657816302230e-01 1.825741858350553670e+01
4.210653473460999885e-02 1.589667218781113667e-01 1.825741858350553670e+01
4.221780305088038143e-02 1.580649931239720973e-01 1.825741858350553670e+01
4.232936539842843682e-02 1.600514498211596803e-01 1.825741858350553670e+01
4.244122255424433166e-02 1.664194330344047623e-01 1.825741858350553670e+01
4.255337529737153457e-02 1.562935535205540183e-01 1.825741858350553670e+01
4.266582440891215217e-02 1.563729102222983502e-01 1.825741858350553670e+01
4.277857067203233443e-02 1.764807716422508443e-01 1.825741858350553670e+01
4.289161487196785361e-02 1.577810949275279817e-01 1.825741858350553670e+01
4.300495779602944713e-02 1.577165919688973128e-01 1.825741858350553670e+01
4.311860023360836874e-02 1.597843911231698333e-01 1.825741858350553670e+01
4.323254297618192576e-02 1.607176928384604631e-01 1.825741858350553670e+01
4.334678681731884281e-02 1.629105329210176756e-01 1.825741858350553670e+01
4.346133255268495865e-02 1.628363394776674855e-01 1.825741858350553670e+01
4.357618098004864549e-02 1.657496047130841976e-01 1.825741858350553670e+01
4.369133289928644331e-02 3.501858268158112852e-01 1.825741858350553670e+01
4.380678911238861800e-02 1.711782777040526671e-01 1.825741858350553670e+01
4.392255042346464994e-02 1.740795114672732957e-01 1.825741858350553670e+01
4.403861763874900026e-02 1.797086123559940019e-01 1.825741858350553670e+01
4.415499156660661340e-02 1.838962685262930663e-01 1.825741858350553670e+01
4.427167301753852369e-02 1.852832994447718706e-01 1.825741858350553670e+01
4.438866280418762855e-02 1.891134191317856150e-01 1.825741858350553670e+01
4.450596174134418409e-02 1.939356040608008203e-01 1.825741858350553670e+01
4.462357064595166845e-02 1.992539005958151310e-01 1.825741858350553670e+01
4.474149033711224271e-02 2.046092032255945881e-01 1.825741858350553670e+01
4.485972163609268371e-02 2.111698109229356857e-01 1.825741858350553670e+01
4.497826536632998362e-02 2.191447507909811410e-01 1.825741858350553670e+01
4.509712235343702608e-02 2.275855619116952666e-01 1.825741858350553670e+01
4.521629342520850497e-02 2.379963456344552086e-01 1.825741858350553670e+01
4.533577941162655889e-02 2.428409456850572357e-01 1.825741858350553670e+01
4.545558114486657891e-02 2.510179910179956564e-01 1.825741858350553670e+01
4.557569945930304428e-02 2.622991097315653386e-01 1.825741858350553670e+01
4.569613519151524694e-02 2.790997980137636669e-01 1.825741858350553670e+01
4.581688918029325208e-02 2.872761315422458495e-01 1.825741858350553670e+01
4.593796226664362964e-02 2.874302571748223456e-01 1.825741858350553670e+01
4.605935529379531768e-02 3.152560077161669638e-01 1.825741858350553670e+01
4.618106910720556901e-02 3.326389690655277565e-01 1.825741858350553670e+01
4.630310455456574520e-02 3.521949646965252256e-01 1.825741858350553670e+01
4.642546248580730478e-02 3.713059989305561026e-01 1.825741858350553670e+01
4.654814375310770830e-02 3.944940151362512082e-01 1.825741858350553670e+01
4.667114921089625390e-02 4.166328008192022314e-01 1.825741858350553670e+01
4.679447971586016969e-02 6.031807075865269763e-01 1.825741858350553670e+01
4.691813612695051872e-02 5.621811881559333202e-01 1.825741858350553670e+01
4.704211930538812481e-02 5.038893084969976455e-01 1.825741858350553670e+01
4.716643011466969265e-02 5.320386620591595062e-01 1.825741858350553670e+01
4.729106942057367813e-02 5.952311570348384206e-01 1.825741858350553670e+01
4.741603809116648471e-02 6.155622964355954574e-01 1.825741858350553670e+01
4.754133699680830605e-02 7.706326575409939705e-01 1.825741858350553670e+01
4.766696701015941257e-02 7.207630994961368165e-01 1.825741858350553670e+01
4.779292900618606343e-02 7.671945340862516005e-01 1.825741858350553670e+01
4.791922386216662666e-02 8.245420034492454420e-01 1.825741858350553670e+01
4.804585245769776164e-02 8.864664720192593217e-01 1.825741858350553670e+01
4.817281567470051845e-02 1.004340938798382821e+00 1.825741858350553670e+01
4.830011439742636081e-02 1.020428041684850351e+00 1.825741858350553670e+01
4.842774951246354986e-02 1.117843470543100626e+00 1.825741858350553670e+01
4.855572190874308386e-02 1.162964619272115474e+00 1.825741858350553670e+01
4.868403247754508195e-02 1.229798330093710979e+00 1.825741858350553670e+01
4.881268211250488348e-02 1.294444165093138199e+00 1.825741858350553670e+01
4.894167170961925828e-02 1.351666443153494823e+00 1.825741858350553670e+01
4.907100216725275577e-02 1.377232020340862784e+00 1.825741858350553670e+01
4.920067438614381811e-02 1.424822131907710565e+00 1.825741858350553670e+01
4.933068926941117788e-02 1.423154909548975278e+00 1.825741858350553670e+01
4.946104772256011695e-02 1.382302625749474378e+00 1.825741858350553670e+01
4.959175065348866290e-02 1.461487181438638316e+00 1.825741858350553670e+01
4.972279897249408387e-02 1.438595436497934088e+00 1.825741858350553670e+01
4.985419359227916125e-02 1.334842682665016822e+00 1.825741858350553670e+01
4.998593542795842781e-02 1.365651148743478815e+00 1.825741858350553670e+01
5.011802539706478044e-02 1.315087988286353760e+00 1.825741858350553670e+01
5.025046441955560023e-02 1.259670954706315626e+00 1.825741858350553670e+01
5.038325341781941386e-02 1.198843285363036859e+00 1.825741858350553670e+01
5.051639331668211774e-02 1.134534786264002504e+00 1.825741858350553670e+01
5.064988504341352837e-02 1.068617879280945315e+00 1.825741858350553670e+01
5.078372952773387017e-02 1.017159763293376429e+00 1.825741858350553670e+01
5.091792770182004824e-02 9.843064794453124655e-01 1.825741858350553670e+01
5.105248050031243462e-02 8.745712523863554688e-01 1.825741858350553670e+01
5.118738886032116880e-02 8.649499856695370692e-01 1.825741858350553670e+01
5.132265372143270804e-02 7.715163053744769073e-01 1.825741858350553670e+01
5.145827602571645398e-02 7.211051468213306448e-01 1.825741858350553670e+01
5.159425671773129607e-02 6.737613949883773934e-01 1.825741858350553670e+01
5.173059674453207857e-02 6.400963909519079564e-01 1.825741858350553670e+01
5.186729705567630355e-02 5.871322176201071441e-01 1.825741858350553670e+01
5.200435860323074366e-02 6.337556974269782373e-01 1.825741858350553670e+01
5.214178234177808263e-02 5.369925597965103936e-01 1.825741858350553670e+01
5.227956922842343784e-02 5.083402372562711991e-01 1.825741858350553670e+01
5.241772022280118820e-02 4.817680189119576961e-01 1.825741858350553670e+01
5.255623628708157996e-02 4.569064794556161324e-01 1.825741858350553670e+01
5.269511838597738806e-02 4.349629139080393170e-01 1.825741858350553670e+01
5.283436748675073014e-02 3.933226295132470351e-01 1.825741858350553670e+01
5.297398455921977639e-02 5.281326550573449685e-01 1.825741858350553670e+01
5.311397057576539016e-02 3.773595093757796670e-01 1.825741858350553670e+01
5.325432651133809453e-02 3.608510746336627828e-01 1.825741858350553670e+01
5.339505334346468512e-02 3.459308822638449410e-01 1.825741858350553670e+01
5.353615205225518286e-02 3.315246648134166363e-01 1.825741858350553670e+01
5.367762362040949531e-02 3.168378799792081479e-01 1.825741858350553670e+01
5.381946903322445269e-02 3.076883503800253439e-01 1.825741858350553670e+01
5.396168927860055947e-02 3.002748995740730509e-01 1.825741858350553670e+01
5.410428534704881526e-02 2.848652559724348388e-01 1.825741858350553670e+01
5.424725823169776473e-02 2.752444218724669489e-01 1.825741858350553670e+01
5.439060892830033245e-02 2.660530418147669662e-01 1.825741858350553670e+01
5.453433843524069236e-02 2.577008130071863357e-01 1.825741858350553670e+01
5.467844775354136627e-02 2.667430136323474255e-01 1.825741858350553670e+01
5.482293788687012809e-02 2.389350366387096580e-01 1.825741858350553670e+01
5.496780984154689409e-02 2.356737294881758038e-01 1.825741858350553670e+01
5.511306462655091165e-02 2.291149256310079374e-01 1.825741858350553670e+01
5.525870325352764956e-02 2.232565769767051178e-01 1.825741858350553670e+01
5.540472673679594506e-02 2.173425540217108765e-01 1.825741858350553670e+01
5.555113609335496361e-02 2.131294183887457727e-01 1.825741858350553670e+01
5.569793234289134587e-02 2.227476360946592793e-01 1.825741858350553670e+01
5.584511650778635483e-02 2.027863807555456144e-01 1.825741858350553670e+01
5.599268961312283549e-02 1.910877973321315759e-01 1.825741858350553670e+01
5.614065268669254927e-02 1.943714424484535297e-01 1.825741858350553670e+01
5.628900675900318923e-02 1.909647745477709435e-01 1.825741858350553670e+01
5.643775286328563123e-02 1.871132821642779998e-01 1.825741858350553670e+01
5.658689203550112262e-02 1.837128169001882028e-01 1.825741858350553670e+01
5.673642531434842234e-02 1.807341733660486616e-01 1.825741858350553670e+01
5.688635374127117700e-02 1.778034119279900960e-01 1.825741858350553670e+01
5.703667836046504014e-02 1.750288629883138547e-01 1.825741858350553670e+01
5.718740021888497893e-02 1.717328971476118904e-01 1.825741858350553670e+01
5.733852036625265713e-02 1.703154285944333823e-01 1.825741858350553670e+01
5.749003985506359604e-02 1.681388964842446265e-01 1.825741858350553670e+01
5.764195974059462685e-02 1.663200839679516430e-01 1.825741858350553670e+01
5.779428108091119037e-02 1.594554967102616572e-01 1.825741858350553670e+01
5.794700493687467147e-02 1.621173963281107300e-01 1.825741858350553670e+01
5.810013237214989995e-02 1.534163207980796528e-01 1.825741858350553670e+01
5.825366445321241565e-02 1.590584203004100361e-01 1.825741858350553670e+01
5.840760224935601097e-02 1.581465566850201732e-01 1.825741858350553670e+01
5.856194683270008611e-02 1.594562133103691604e-01 1.825741858350553670e+01
5.871669927819719859e-02 1.559549538913358457e-01 1.825741858350553670e+01
5.887186066364052950e-02 1.549860594060882835e-01 1.825741858350553670e+01
5.902743206967133588e-02 1.546794500022396768e-01 1.825741858350553670e+01
5.918341457978652104e-02 1.536008455725757504e-01 1.825741858350553670e+01
5.933980928034621877e-02 1.531048554416731822e-01 1.825741858350553670e+01
5.949661726058123185e-02 1.526445310945749589e-01 1.825741858350553670e+01
5.965383961260079665e-02 1.523858786909767227e-01 1.825741858350553670e+01
5.981147743140002165e-02 1.525758923620454399e-01 1.825741858350553670e+01
5.996953181486762430e-02 1.443201995592879872e-01 1.825741858350553670e+01
6.012800386379355683e-02 1.521025883731140227e-01 1.825741858350553670e+01
6.028689468187657663e-02 1.523456657163559103e-01 1.825741858350553670e+01
6.044620537573210800e-02 1.517003880686849382e-01 1.825741858350553670e+01
6.060593705489979166e-02 1.532505692892231208e-01 1.825741858350553670e+01
6.076609083185129101e-02 1.565094674819860199e-01 1.825741858350553670e+01
6.092666782199807063e-02 1.368260338911838347e-01 1.825741858350553670e+01
6.108766914369900131e-02 1.565521278132729066e-01 1.825741858350553670e+01
6.124909591826839528e-02 1.557885586136248390e-01 1.825741858350553670e+01
6.141094926998359738e-02 1.565407145464348115e-01 1.825741858350553670e+01
6.157323032609293700e-02 1.547232348466713037e-01 1.825741858350553670e+01
6.173594021682354827e-02 1.590718665212015881e-01 1.825741858350553670e+01
6.189908007538923868e-02 1.605695983510481706e-01 1.825741858350553670e+01
6.206265103799835786e-02 1.620852831842122255e-01 1.825741858350553670e+01
6.222665424386176342e-02 1.638084728001309442e-01 1.825741858350553670e+01
6.239109083520069654e-02 1.650698348831910467e-01 1.825741858350553670e+01
6.255596195725481035e-02 1.677638437287512496e-01 1.825741858350553670e+01
6.272126875829006631e-02 1.704400186419154084e-01 1.825741858350553670e+01
6.288701238960676954e-02 1.723450546379722559e-01 1.825741858350553670e+01
6.305319400554762477e-02 1.734383069947341149e-01 1.825741858350553670e+01
6.321981476350566065e-02 1.774817135520966316e-01 1.825741858350553670e+01
6.338687582393244535e-02 1.800282114874960093e-01 1.825741858350553670e+01
6.355437835034603855e-02 1.836973823323648503e-01 1.825741858350553670e+01
6.372232350933916545e-02 1.871732711919388559e-01 1.825741858350553670e+01
6.389071247058736303e-02 1.907821701479711085e-01 1.825741858350553670e+01
6.405954640685697365e-02 1.945496773718543293e-01 1.825741858350553670e+01
6.422882649401354116e-02 1.992192326802228741e-01 1.825741858350553670e+01
6.439855391102983218e-02 2.037587366886815243e-01 1.825741858350553670e+01
6.456872983999407956e-02 2.076279607766307878e-01 1.825741858350553670e+01
6.473935546611830905e-02 2.133315505532984435e-01 1.825741858350553670e+01
6.491043197774640228e-02 2.181812873186651236e-01 1.825741858350553670e+01
6.508196056636263160e-02 2.246404991202679002e-01 1.825741858350553670e+01
6.525394242659970923e-02 2.290768633312852132e-01 1.825741858350553670e+01
6.542637875624722488e-02 2.374046624419235418e-01 1.825741858350553670e+01
6.559927075626005577e-02 2.433345343530649296e-01 1.825741858350553670e+01
6.577261963076658224e-02 2.518918863157532106e-01 1.825741858350553670e+01
6.594642658707715321e-02 2.600405851787618849e-01 1.825741858350553670e+01
6.612069283569252387e-02 2.684764591310596638e-01 1.825741858350553670e+01
6.629541959031219622e-02 2.779435518038196329e-01 1.825741858350553670e+01
6.647060806784296783e-02 2.877406641860131287e-01 1.825741858350553670e+01
6.664625948840735559e-02 2.983576980777099541e-01 1.825741858350553670e+01
6.682237507535206122e-02 3.098019001492181013e-01 1.825741858350553670e+01
6.699895605525664488e-02 3.213819912506044596e-01 1.825741858350553670e+01
6.717600365794179629e-02 3.356392170329235425e-01 1.825741858350553670e+01
6.735351911647817491e-02 3.460772208126176586e-01 1.825741858350553670e+01
6.753150366719487541e-02 3.636590062489801212e-01 1.825741858350553670e+01
6.770995854968794858e-02 3.801314036648023031e-01 1.825741858350553670e+01
6.788888500682929705e-02 3.976762028170347518e-01 1.825741858350553670e+01
6.806828428477496029e-02 4.165043251654241274e-01 1.825741858350553670e+01
6.824815763297417681e-02 4.369264362537965130e-01 1.825741858350553670e+01
6.842850630417783575e-02 4.586106500948254894e-01 1.825741858350553670e+01
6.860933155444723375e-02 4.821272772557405051e-01 1.825741858350553670e+01
6.879063464316295673e-02 5.058991601300131258e-01 1.825741858350553670e+01
6.897241683303347026e-02 5.351294594142800287e-01 1.825741858350553670e+01
6.915467939010404297e-02 5.651552639050209104e-01 1.825741858350553670e+01
6.933742358376553117e-02 5.996020464001269312e-01 1.825741858350553670e+01
6.952065068676316351e-02 6.334767767173899999e-01 1.825741858350553670e+01
6.970436197520551991e-02 6.707321944076858333e-01 1.825741858350553670e+01
6.988855872857330231e-02 7.111607970044763194e-01 1.825741858350553670e+01
7.007324222972829975e-02 7.560159991967342341e-01 1.825741858350553670e+01
7.025841376492233947e-02 8.040217384115182497e-01 1.825741858350553670e+01
7.044407462380619656e-02 8.450660722284412119e-01 1.825741858350553670e+01
7.063022609943864216e-02 9.134870737052117606e-01 1.825741858350553670e+01
7.081686948829538086e-02 9.741751006090169085e-01 1.825741858350553670e+01
7.100400609027809895e-02 1.039329717314803503e+00 1.825741858350553670e+01
7.119163720872358214e-02 1.235887211974415756e+00 1.825741858350553670e+01
7.137976415041263900e-02 1.183688950012897978e+00 1.825741858350553670e+01
7.156838822557942681e-02 1.357056657204446015e+00 1.825741858350553670e+01
7.175751074792037498e-02 1.350469661075701877e+00 1.825741858350553670e+01
7.194713303460338605e-02 1.439089039200660558e+00 1.825741858350553670e+01
7.213725640627716151e-02 1.549031018334454668e+00 1.825741858350553670e+01
7.232788218708011141e-02 1.626988106226767483e+00 1.825741858350553670e+01
7.251901170464984669e-02 1.723011302691936697e+00 1.825741858350553670e+01
7.271064629013228309e-02 1.826307167795016229e+00 1.825741858350553670e+01
7.290278727819095306e-02 1.914097781589255920e+00 1.825741858350553670e+01
7.309543600701630395e-02 1.999827981364015628e+00 1.825741858350553670e+01
7.328859381833495446e-02 2.030476894531078269e+00 1.825741858350553670e+01
7.348226205741917316e-02 2.121744219364451123e+00 1.825741858350553670e+01
7.367644207309612114e-02 2.168357841724576129e+00 1.825741858350553670e+01
7.387113521775728886e-02 2.239210563886463223e+00 1.825741858350553670e+01
7.406634284736797469e-02 2.223957311665710090e+00 1.825741858350553670e+01
7.426206632147655529e-02 2.231660603185484426e+00 1.825741858350553670e+01
7.445830700322420004e-02 2.262822031437293546e+00 1.825741858350553670e+01
7.465506625935415530e-02 2.233103499408287007e+00 1.825741858350553670e+01
7.485234546022138946e-02 2.183558799815510820e+00 1.825741858350553670e+01
7.505014597980209923e-02 2.087065053058445585e+00 1.825741858350553670e+01
7.524846919570318815e-02 2.039899304231681754e+00 1.825741858350553670e+01
7.544731648917206435e-02 1.993945272128209378e+00 1.825741858350553670e+01
7.564668924510604964e-02 1.943943933588222484e+00 1.825741858350553670e+01
7.584658885206214951e-02 1.824213216390332848e+00 1.825741858350553670e+01
7.604701670226671206e-02 1.733508852448413018e+00 1.825741858350553670e+01
7.624797419162505918e-02 1.648250065027224931e+00 1.825741858350553670e+01
7.644946271973127039e-02 1.562990366780045326e+00 1.825741858350553670e+01
7.665148368987796668e-02 1.485563359219539858e+00 1.825741858350553670e+01
7.685403850906588619e-02 1.422066245407097806e+00 1.825741858350553670e+01
7.705712858801401499e-02 1.326144220264107165e+00 1.825741858350553670e+01
7.726075534116906562e-02 1.255056151736169134e+00 1.825741858350553670e+01
7.746492018671556623e-02 1.184402659625991339e+00 1.825741858350553670e+01
7.766962454658565829e-02 1.122601973704138389e+00 1.825741858350553670e+01
7.787486984646896371e-02 1.064212048410142497e+00 1.825741858350553670e+01
7.808065751582256298e-02 1.008526320713883928e+00 1.825741858350553670e+01
7.828698898788097327e-02 9.583977736603828124e-01 1.825741858350553670e+01
7.849386569966604332e-02 9.058487359787175119e-01 1.825741858350553670e+01
7.870128909199705647e-02 8.627420447988201069e-01 1.825741858350553670e+01
7.890926060950065324e-02 8.206308002309772309e-01 1.825741858350553670e+01
7.911778170062107318e-02 7.525669702198386490e-01 1.825741858350553670e+01
7.932685381763003585e-02 7.448250428903488984e-01 1.825741858350553670e+01
7.953647841663698259e-02 7.099861258813471299e-01 1.825741858350553670e+01
7.974665695759919348e-02 6.789819708286449762e-01 1.825741858350553670e+01
7.995739090433195972e-02 6.494753477034305167e-01 1.825741858350553670e+01
8.016868172451872832e-02 6.286308580631618792e-01 1.825741858350553670e+01
8.038053088972138549e-02 5.968221564504041510e-01 1.825741858350553670e+01
8.059293987539047077e-02 5.716842767396996816e-01 1.825741858350553670e+01
8.080591016087551592e-02 5.493128171536371118e-01 1.825741858350553670e+01
8.101944322943520349e-02 5.277911597324671522e-01 1.825741858350553670e+01
8.123354056824787228e-02 5.184317491843460912e-01 1.825741858350553670e+01
8.144820366842178694e-02 4.994544672494494186e-01 1.825741858350553670e+01
8.166343402500544912e-02 4.719820264319173897e-01 1.825741858350553670e+01
8.187923313699820016e-02 4.556237847053589696e-01 1.825741858350553670e+01
8.209560250736046283e-02 4.401052292224926221e-01 1.825741858350553670e+01
8.231254364302433013e-02 4.387687744518854460e-01 1.825741858350553670e+01
8.253005805490408464e-02 4.148011541579232908e-01 1.825741858350553670e+01
8.274814725790652359e-02 6.629091856527830062e-01 1.825741858350553670e+01
8.296681277094181128e-02 3.866476815347432150e-01 1.825741858350553670e+01
8.318605611693380419e-02 3.750632672805455092e-01 1.825741858350553670e+01
8.340587882283070909e-02 3.641619887145033374e-01 1.825741858350553670e+01
8.362628241961592157e-02 3.536262768158094927e-01 1.825741858350553670e+01
8.384726844231832343e-02 3.439604651560219661e-01 1.825741858350553670e+01
8.406883843002334322e-02 3.345499375848427492e-01 1.825741858350553670e+01
8.429099392588339235e-02 3.260064583715884257e-01 1.825741858350553670e+01
8.451373647712878689e-02 3.176817025078472745e-01 1.825741858350553670e+01
8.473706763507848905e-02 3.094579424159482062e-01 1.825741858350553670e+01
8.496098895515083460e-02 3.018336141913859905e-01 1.825741858350553670e+01
8.518550199687439928e-02 2.946029185181754939e-01 1.825741858350553670e+01
8.541060832389896218e-02 2.877742465450708331e-01 1.825741858350553670e+01
8.563630950400623332e-02 2.812970016280534891e-01 1.825741858350553670e+01
8.586260710912091421e-02 2.750135367576502787e-01 1.825741858350553670e+01
8.608950271532157805e-02 2.690730491426088777e-01 1.825741858350553670e+01
8.631699790285156382e-02 2.633624398309207804e-01 1.825741858350553670e+01
8.654509425613023110e-02 2.580905429170927134e-01 1.825741858350553670e+01
8.677379336376365992e-02 2.528264334133133451e-01 1.825741858350553670e+01
8.700309681855601662e-02 2.464853348316057846e-01 1.825741858350553670e+01
8.723300621752047568e-02 2.432704425187791619e-01 1.825741858350553670e+01
8.746352316189037746e-02 2.387949222275008998e-01 1.825741858350553670e+01
8.769464925713041370e-02 2.343560334938989131e-01 1.825741858350553670e+01
8.792638611294778528e-02 2.300819691758819729e-01 1.825741858350553670e+01
8.815873534330338768e-02 2.263079458192318316e-01 1.825741858350553670e+01
8.839169856642307976e-02 2.225051122715096807e-01 1.825741858350553670e+01
8.862527740480898031e-02 2.187324194227645846e-01 1.825741858350553670e+01
8.885947348525070899e-02 2.151769767675164868e-01 1.825741858350553670e+01
8.909428843883675231e-02 2.107570946182110438e-01 1.825741858350553670e+01
8.932972390096584336e-02 2.086223188593386291e-01 1.825741858350553670e+01
8.956578151135832777e-02 2.018548233302151496e-01 1.825741858350553670e+01
8.980246291406748793e-02 2.025684425690761903e-01 1.825741858350553670e+01
9.003976975749122813e-02 1.997644999067115235e-01 1.825741858350553670e+01
9.027770369438331555e-02 1.971773594413181174e-01 1.825741858350553670e+01
9.051626638186505147e-02 1.944005625025223838e-01 1.825741858350553670e+01
9.075545948143669273e-02 1.919229126565493715e-01 1.825741858350553670e+01
9.099528465898908125e-02 1.892484993263248150e-01 1.825741858350553670e+01
9.123574358481534308e-02 1.871433616915563480e-01 1.825741858350553670e+01
9.147683793362233751e-02 1.849153235737930057e-01 1.825741858350553670e+01
9.171856938454239772e-02 1.827958517054505128e-01 1.825741858350553670e+01
9.196093962114507137e-02 1.808736209527236349e-01 1.825741858350553670e+01
9.220395033144884733e-02 1.788339358076886931e-01 1.825741858350553670e+01
9.244760320793279917e-02 1.768721021877446287e-01 1.825741858350553670e+01
9.269189994754847839e-02 1.751258544659883010e-01 1.825741858350553670e+01
9.293684225173172442e-02 1.733694881217857919e-01 1.825741858350553670e+01
9.318243182641444688e-02 1.715595643844767260e-01 1.825741858350553670e+01
9.342867038203662988e-02 1.700126265193182273e-01 1.825741858350553670e+01
9.367555963355808646e-02 1.686060912263390721e-01 1.825741858350553670e+01
9.392310130047054617e-02 2.649764264099591649e-01 1.825741858350553670e+01
9.417129710680953447e-02 1.657279642043586743e-01 1.825741858350553670e+01
9.442014878116637699e-02 1.644172175386468815e-01 1.825741858350553670e+01
9.466965805670037037e-02 1.631101771757850483e-01 1.825741858350553670e+01
9.491982667115071715e-02 1.597215713070858356e-01 1.825741858350553670e+01
9.517065636684865493e-02 1.607718867055132339e-01 1.825741858350553670e+01
9.542214889072954398e-02 1.595594048450882096e-01 1.825741858350553670e+01
9.567430599434527394e-02 1.574647164946276490e-01 1.825741858350553670e+01
9.592712943387611546e-02 1.576017798822543226e-01 1.825741858350553670e+01
9.618062097014319634e-02 1.564231110726278795e-01 1.825741858350553670e+01
9.643478236862065844e-02 1.555597149506423027e-01 1.825741858350553670e+01
9.668961539944799510e-02 1.550143456763347638e-01 1.825741858350553670e+01
9.694512183744240230e-02 1.540534460096620872e-01 1.825741858350553670e+01
9.720130346211107442e-02 1.533512663855143288e-01 1.825741858350553670e+01
9.745816205766361096e-02 1.525817808342119775e-01 1.825741858350553670e+01
9.771569941302450657e-02 1.519659628871829482e-01 1.825741858350553670e+01
9.797391732184550228e-02 1.512925913933728106e-01 1.825741858350553670e+01
9.823281758251825591e-02 1.507124694885972893e-01 1.825741858350553670e+01
9.849240199818659613e-02 1.501531707484129174e-01 1.825741858350553670e+01
9.875267237675937337e-02 1.497626792129877482e-01 1.825741858350553670e+01
9.901363053092282485e-02 1.492952614630240760e-01 1.825741858350553670e+01
9.927527827815332828e-02 1.489262176889558087e-01 1.825741858350553670e+01
9.953761744073004458e-02 1.485365397925123288e-01 1.825741858350553670e+01
9.980064984574751885e-02 1.483300622669932456e-01 1.825741858350553670e+01
1.000643773251285035e-01 1.479952237457574926e-01 1.825741858350553670e+01
1.003288017156366979e-01 1.475060573528174102e-01 1.825741858350553670e+01
1.005939248588895440e-01 1.475701653738795416e-01 1.825741858350553670e+01
1.008597486013709799e-01 1.473908257631092455e-01 1.825741858350553670e+01
1.011262747944444151e-01 1.473113658109646840e-01 1.825741858350553670e+01
1.013935052943654713e-01 1.472648501155717771e-01 1.825741858350553670e+01
1.016614419622951515e-01 1.472361386856737842e-01 1.825741858350553670e+01
1.019300866643125525e-01 1.472748084832490589e-01 1.825741858350553670e+01
1.021994412714279932e-01 1.473529025986294871e-01 1.825741858350553670e+01
1.024695076595959903e-01 1.474414788475637006e-01 1.825741858350553670e+01
1.027402877097283590e-01 1.476585813786321089e-01 1.825741858350553670e+01
1.030117833077073691e-01 1.478022433593251250e-01 1.825741858350553670e+01
1.032839963443987347e-01 1.481531688822483039e-01 1.825741858350553670e+01
1.035569287156649088e-01 1.483783558595896113e-01 1.825741858350553670e+01
1.038305823223781982e-01 1.486458148380165045e-01 1.825741858350553670e+01
1.041049590704340722e-01 1.492017983626376110e-01 1.825741858350553670e+01
1.043800608707644573e-01 1.493611306830759655e-01 1.825741858350553670e+01
1.046558896393509352e-01 1.499491991929832735e-01 1.825741858350553670e+01
1.049324472972381350e-01 1.505434109106049134e-01 1.825741858350553670e+01
1.052097357705471942e-01 1.510739332776680488e-01 1.825741858350553670e+01
1.054877569904890677e-01 1.516829965011217973e-01 1.825741858350553670e+01
1.057665128933780313e-01 1.523466524953338286e-01 1.825741858350553670e+01
1.060460054206451425e-01 1.530520489185790978e-01 1.825741858350553670e+01
1.063262365188517855e-01 1.538626367712562226e-01 1.825741858350553670e+01
1.066072081397031746e-01 1.546428238225813490e-01 1.825741858350553670e+01
1.068889222400620925e-01 1.555387984781505251e-01 1.825741858350553670e+01
1.071713807819622971e-01 1.564712838866837430e-01 1.825741858350553670e+01
1.074545857326223708e-01 1.575241440125401959e-01 1.825741858350553670e+01
1.077385390644593072e-01 1.585417190015755706e-01 1.825741858350553670e+01
1.080232427551023749e-01 1.596522858155935420e-01 1.825741858350553670e+01
1.083086987874067458e-01 1.608937858836322621e-01 1.825741858350553670e+01
1.085949091494673863e-01 1.618493982980793999e-01 1.825741858350553670e+01
1.088818758346328935e-01 1.633098925659510758e-01 1.825741858350553670e+01
1.091696008415193320e-01 1.647049931710239390e-01 1.825741858350553670e+01
1.094580861740243188e-01 1.662266876705961183e-01 1.825741858350553670e+01
1.097473338413407218e-01 1.681808207590685389e-01 1.825741858350553670e+01
1.100373458579708419e-01 1.693971222327175230e-01 1.825741858350553670e+01
1.103281242437403886e-01 1.710631994573346693e-01 1.825741858350553670e+01
1.106196710238124964e-01 1.728262131503330301e-01 1.825741858350553670e+01
1.109119882287020048e-01 1.745594338261800271e-01 1.825741858350553670e+01
1.112050778942893503e-01 1.766305001462854241e-01 1.825741858350553670e+01
1.114989420618349297e-01 1.785943362245911992e-01 1.825741858350553670e+01
1.117935827779932279e-01 1.808809355859821999e-01 1.825741858350553670e+01
1.120890020948271254e-01 1.829777560896942989e-01 1.825741858350553670e+01
1.123852020698221793e-01 1.856314016440399339e-01 1.825741858350553670e+01
1.126821847659008891e-01 1.877227521546085132e-01 1.825741858350553670e+01
1.129799522514371712e-01 1.902418512417428653e-01 1.825741858350553670e+01
1.132785066002706398e-01 1.927836906785438953e-01 1.825741858350553670e+01
1.135778498917212331e-01 1.958128556268353970e-01 1.825741858350553670e+01
1.138779842106034390e-01 1.984554602487814123e-01 1.825741858350553670e+01
1.141789116472410881e-01 2.015568383396696694e-01 1.825741858350553670e+01
1.144806342974816621e-01 2.047373163063876678e-01 1.825741858350553670e+01
1.147831542627111151e-01 2.081041656581723576e-01 1.825741858350553670e+01
1.150864736498683483e-01 2.113515164163425886e-01 1.825741858350553670e+01
1.153905945714599202e-01 2.149642141678268781e-01 1.825741858350553670e+01
1.156955191455748266e-01 2.187515371972385825e-01 1.825741858350553670e+01
1.160012494958991558e-01 2.228023048702114373e-01 1.825741858350553670e+01
1.163077877517309927e-01 2.266998988400549531e-01 1.825741858350553670e+01
1.166151360479951299e-01 2.311111009386600523e-01 1.825741858350553670e+01
1.169232965252579998e-01 2.353993644399121621e-01 1.825741858350553670e+01
1.172322713297425795e-01 2.400994696280291107e-01 1.825741858350553670e+01
1.175420626133432817e-01 2.447651519073581750e-01 1.825741858350553670e+01
1.178526725336411229e-01 2.512538135002327921e-01 1.825741858350553670e+01
1.181641032539185038e-01 2.554050527608887622e-01 1.825741858350553670e+01
1.184763569431744185e-01 3.306425207028527713e-01 1.825741858350553670e+01
1.187894357761394987e-01 2.667880452155742543e-01 1.825741858350553670e+01
1.191033419332913068e-01 2.729891486829092440e-01 1.825741858350553670e+01
1.194180776008693101e-01 2.793359085032389166e-01 1.825741858350553670e+01
1.197336449708902434e-01 2.858683050998352404e-01 1.825741858350553670e+01
1.200500462411633051e-01 2.930087589593426411e-01 1.825741858350553670e+01
1.203672836153055065e-01 3.004123031002979838e-01 1.825741858350553670e+01
1.206853593027571031e-01 3.080781702077161621e-01 1.825741858350553670e+01
1.210042755187967917e-01 3.165358673742456608e-01 1.825741858350553670e+01
1.213240344845572249e-01 3.258894160879274859e-01 1.825741858350553670e+01
1.216446384270405551e-01 3.336910298632089211e-01 1.825741858350553670e+01
1.219660895791338379e-01 3.430054383945289609e-01 1.825741858350553670e+01
1.222883901796246869e-01 3.529958064865081901e-01 1.825741858350553670e+01
1.226115424732167614e-01 3.632344752417453471e-01 1.825741858350553670e+01
1.229355487105454475e-01 3.745119987609433210e-01 1.825741858350553670e+01
1.232604111481934994e-01 3.855862131319526820e-01 1.825741858350553670e+01
1.235861320487068871e-01 4.044564224608637182e-01 1.825741858350553670e+01
1.239127136806103674e-01 4.107397142235350018e-01 1.825741858350553670e+01
1.242401583184234160e-01 4.238047221233563477e-01 1.825741858350553670e+01
1.245684682426759643e-01 4.379559296133380686e-01 1.825741858350553670e+01
1.248976457399244011e-01 4.532383854366585640e-01 1.825741858350553670e+01
1.252276931027674345e-01 4.687737117723141389e-01 1.825741858350553670e+01
1.255586126298620653e-01 4.853627093852708740e-01 1.825741858350553670e+01
1.258904066259395049e-01 5.033202117338659853e-01 1.825741858350553670e+01
1.262230774018214541e-01 5.221291034972480594e-01 1.825741858350553670e+01
1.265566272744359511e-01 5.414606663778984696e-01 1.825741858350553670e+01
1.268910585668336921e-01 5.625557905409289683e-01 1.825741858350553670e+01
1.272263736082040742e-01 5.857049571080474859e-01 1.825741858350553670e+01
1.275625747338914873e-01 6.085491414912529429e-01 1.825741858350553670e+01
1.278996642854115795e-01 6.333673453279706766e-01 1.825741858350553670e+01
1.282376446104676049e-01 6.630656677214535888e-01 1.825741858350553670e+01
1.285765180629666327e-01 6.911679083740347451e-01 1.825741858350553670e+01
1.289162870030360897e-01 7.190884690380112687e-01 1.825741858350553670e+01
1.292569537970400806e-01 7.519406612491440489e-01 1.825741858350553670e+01
1.295985208175960135e-01 7.862129251477404379e-01 1.825741858350553670e+01
1.299409904435910035e-01 8.235104934504523522e-01 1.825741858350553670e+01
1.302843650601984704e-01 8.625333681944356012e-01 1.825741858350553670e+01
1.306286470588947091e-01 9.053378192078523901e-01 1.825741858350553670e+01
1.309738388374756812e-01 9.509159050369270227e-01 1.825741858350553670e+01
1.313199428000735858e-01 9.991797563069749755e-01 1.825741858350553670e+01
1.316669613571736508e-01 1.051443196281766079e+00 1.825741858350553670e+01
1.320148969256308980e-01 1.107702551244112321e+00 1.825741858350553670e+01
1.323637519286869901e-01 1.168333165997545775e+00 1.825741858350553670e+01
1.327135287959871068e-01 1.233355129669601924e+00 1.825741858350553670e+01
1.330642299635969306e-01 1.308869194890240006e+00 1.825741858350553670e+01
1.334158578740194945e-01 1.378607330023006172e+00 1.825741858350553670e+01
1.337684149762122243e-01 1.460598923544034200e+00 1.825741858350553670e+01
1.341219037256040358e-01 1.549085388684811937e+00 1.825741858350553670e+01
1.344763265841125432e-01 1.644988334550307352e+00 1.825741858350553670e+01
1.348316860201609069e-01 1.747691978372956756e+00 1.825741858350553670e+01
1.351879845086952636e-01 1.861408033834494935e+00 1.825741858350553670e+01
1.355452245312019077e-01 1.982149543106231704e+00 1.825741858350553670e+01
1.359034085757246102e-01 2.113995849881400435e+00 1.825741858350553670e+01
1.362625391368818550e-01 2.258077913854920293e+00 1.825741858350553670e+01
1.366226187158842698e-01 2.412674326271247782e+00 1.825741858350553670e+01
1.369836498205520281e-01 2.580268580082663465e+00 1.825741858350553670e+01
1.373456349653323916e-01 2.761304996622394814e+00 1.825741858350553670e+01
1.377085766713169457e-01 2.959244063989405316e+00 1.825741858350553670e+01
1.380724774662596965e-01 3.161963244530603845e+00 1.825741858350553670e+01
1.384373398845941405e-01 3.394911584347943379e+00 1.825741858350553670e+01
1.388031664674511112e-01 3.637235567958958082e+00 1.825741858350553670e+01
1.391699597626765150e-01 3.893614571973872174e+00 1.825741858350553670e+01
1.395377223248491505e-01 4.175486566228319596e+00 1.825741858350553670e+01
1.399064567152982774e-01 4.448576208011461475e+00 1.825741858350553670e+01
1.402761655021216303e-01 4.763681248494574305e+00 1.825741858350553670e+01
1.406468512602032095e-01 5.049493572283072496e+00 1.825741858350553670e+01
1.410185165712312672e-01 5.355212079374909173e+00 1.825741858350553670e+01
1.413911640237164036e-01 5.657070030529334659e+00 1.825741858350553670e+01
1.417647962130093031e-01 5.947764211272879464e+00 1.825741858350553670e+01
1.421394157413189974e-01 6.168141322104104596e+00 1.825741858350553670e+01
1.425150252177311005e-01 6.463641636211206354e+00 1.825741858350553670e+01
1.428916272582256008e-01 6.668339132482661746e+00 1.825741858350553670e+01
1.432692244856956509e-01 6.828494635600373286e+00 1.825741858350553670e+01
1.436478195299652205e-01 6.945863880111142308e+00 1.825741858350553670e+01
1.440274150278078591e-01 7.004353430963547567e+00 1.825741858350553670e+01
1.444080136229647648e-01 6.964375943948334147e+00 1.825741858350553670e+01
1.447896179661635752e-01 6.950821951044723335e+00 1.825741858350553670e+01
1.451722307151364078e-01 6.845090038277588995e+00 1.825741858350553670e+01
1.455558545346385124e-01 6.694494529932220495e+00 1.825741858350553670e+01
1.459404920964670060e-01 6.497480549198479949e+00 1.825741858350553670e+01
1.463261460794792190e-01 6.280244336472592614e+00 1.825741858350553670e+01
1.467128191696116246e-01 6.024817386164644795e+00 1.825741858350553670e+01
1.471005140598982408e-01 5.760573884495243213e+00 1.825741858350553670e+01
1.474892334504896707e-01 5.491005188818026461e+00 1.825741858350553670e+01
1.478789800486716433e-01 5.214361505280005638e+00 1.825741858350553670e+01
1.482697565688841368e-01 4.946483250250346408e+00 1.825741858350553670e+01
1.486615657327401419e-01 4.681605962959923595e+00 1.825741858350553670e+01
1.490544102690445072e-01 4.427173650533010374e+00 1.825741858350553670e+01
1.494482929138132021e-01 4.181510328591354408e+00 1.825741858350553670e+01
1.498432164102921071e-01 3.957270108939147768e+00 1.825741858350553670e+01
1.502391835089763872e-01 3.730384152732579395e+00 1.825741858350553670e+01
1.506361969676294488e-01 3.519733897045499216e+00 1.825741858350553670e+01
1.510342595513021191e-01 3.326559593573250595e+00 1.825741858350553670e+01
1.514333740323521305e-01 3.144655697235603675e+00 1.825741858350553670e+01
1.518335431904631883e-01 2.974887201036690687e+00 1.825741858350553670e+01
1.522347698126645110e-01 2.816875882183196289e+00 1.825741858350553670e+01
1.526370566933500927e-01 2.668712866247464177e+00 1.825741858350553670e+01
1.530404066342982705e-01 2.532318436066624656e+00 1.825741858350553670e+01
1.534448224446911258e-01 2.405494546633994091e+00 1.825741858350553670e+01
1.538503069411343294e-01 2.284041794213017784e+00 1.825741858350553670e+01
1.542568629476762654e-01 2.174489622728413618e+00 1.825741858350553670e+01
1.546644932958282093e-01 2.069140374494458534e+00 1.825741858350553670e+01
1.550732008245836735e-01 1.976258933359279268e+00 1.825741858350553670e+01
1.554829883804384472e-01 1.884954281502339679e+00 1.825741858350553670e+01
1.558938588174103024e-01 1.801386744422773356e+00 1.825741858350553670e+01
1.563058149970588118e-01 1.723032596747981815e+00 1.825741858350553670e+01
1.567188597885053603e-01 1.649806592731769106e+00 1.825741858350553670e+01
1.571329960684531013e-01 1.579992289404188899e+00 1.825741858350553670e+01
1.575482267212070520e-01 1.516147327824602709e+00 1.825741858350553670e+01
1.579645546386940491e-01 1.456498453800095128e+00 1.825741858350553670e+01
1.583819827204830111e-01 1.399539083692650454e+00 1.825741858350553670e+01
1.588005138738051436e-01 1.346741094548198125e+00 1.825741858350553670e+01
1.592201510135740072e-01 1.297758025065400389e+00 1.825741858350553670e+01
1.596408970624060564e-01 1.249596150395974270e+00 1.825741858350553670e+01
1.600627549506409009e-01 1.205852172823641988e+00 1.825741858350553670e+01
1.604857276163615398e-01 1.163263284138863041e+00 1.825741858350553670e+01
1.609098180054151783e-01 1.124076125269154680e+00 1.825741858350553670e+01
1.613350290714334057e-01 1.085455779497201956e+00 1.825741858350553670e+01
1.617613637758529566e-01 1.051043552532927361e+00 1.825741858350553670e+01
1.621888250879363613e-01 1.017784132807359798e+00 1.825741858350553670e+01
1.626174159847924294e-01 9.871773521616860059e-01 1.825741858350553670e+01
1.630471394513971217e-01 9.558674637134830787e-01 1.825741858350553670e+01
1.634779984806144781e-01 9.282859366885141128e-01 1.825741858350553670e+01
1.639099960732171291e-01 9.001123878602331763e-01 1.825741858350553670e+01
1.643431352379074450e-01 8.744001174730573478e-01 1.825741858350553670e+01
1.647774189913384646e-01 8.499710740884589555e-01 1.825741858350553670e+01
1.652128503581347108e-01 8.266672757299113883e-01 1.825741858350553670e+01
1.656494323709136185e-01 8.044328495124734024e-01 1.825741858350553670e+01
1.660871680703063236e-01 7.835190894464330036e-01 1.825741858350553670e+01
1.665260605049789511e-01 7.628156952187168383e-01 1.825741858350553670e+01
1.669661127316538207e-01 7.435247281680885667e-01 1.825741858350553670e+01
1.674073278151309296e-01 7.249488207492392755e-01 1.825741858350553670e+01
1.678497088283090466e-01 7.081750686376087067e-01 1.825741858350553670e+01
1.682932588522071116e-01 6.908473775181153131e-01 1.825741858350553670e+01
1.687379809759859128e-01 6.751489845705568316e-01 1.825741858350553670e+01
1.691838782969694033e-01 6.586200624233383705e-01 1.825741858350553670e+01
1.696309539206664885e-01 6.436852846463275712e-01 1.825741858350553670e+01
1.700792109607923430e-01 6.296206041706823298e-01 1.825741858350553670e+01
1.705286525392903374e-01 6.157138841172062893e-01 1.825741858350553670e+01
1.709792817863537151e-01 6.026856486281866321e-01 1.825741858350553670e+01
1.714311018404473252e-01 5.899467750996073567e-01 1.825741858350553670e+01
1.718841158483297160e-01 5.779081917986716999e-01 1.825741858350553670e+01
1.723383269650747007e-01 5.663671544261527080e-01 1.825741858350553670e+01
1.727937383540935623e-01 5.550539181508504782e-01 1.825741858350553670e+01
1.732503531871570357e-01 5.441334582182888457e-01 1.825741858350553670e+01
1.737081746444174291e-01 5.338742159892140293e-01 1.825741858350553670e+01
1.741672059144307450e-01 5.234793373017092577e-01 1.825741858350553670e+01
1.746274501941788015e-01 5.138785273460514391e-01 1.825741858350553670e+01
1.750889106890916314e-01 5.044600397437198902e-01 1.825741858350553670e+01
1.755515906130697135e-01 4.946483993066138618e-01 1.825741858350553670e+01
1.760154931885065388e-01 4.866628560696114048e-01 1.825741858350553670e+01
1.764806216463107313e-01 4.786375689345127027e-01 1.825741858350553670e+01
1.769469792259287799e-01 4.701741216930182543e-01 1.825741858350553670e+01
1.774145691753676313e-01 4.623946419882822845e-01 1.825741858350553670e+01
1.778833947512170610e-01 4.540295987732698713e-01 1.825741858350553670e+01
1.783534592186727663e-01 4.472800389481665917e-01 1.825741858350553670e+01
1.788247658515586258e-01 4.401473648997717425e-01 1.825741858350553670e+01
1.792973179323499033e-01 4.335823975419751397e-01 1.825741858350553670e+01
1.797711187521958132e-01 4.264849721700148533e-01 1.825741858350553670e+01
1.802461716109426682e-01 4.199205041638827685e-01 1.825741858350553670e+01
1.807224798171567781e-01 4.113405352273179494e-01 1.825741858350553670e+01
1.812000466881473482e-01 4.076228025531216104e-01 1.825741858350553670e+01
1.816788755499899044e-01 4.018360994238613371e-01 1.825741858350553670e+01
1.821589697375490258e-01 3.962498421835178863e-01 1.825741858350553670e+01
1.826403325945021305e-01 3.906091094213597903e-01 1.825741858350553670e+01
1.831229674733621526e-01 3.850477432933174793e-01 1.825741858350553670e+01
1.836068777355013282e-01 3.796298983257028747e-01 1.825741858350553670e+01
1.840920667511744546e-01 3.747289840822729534e-01 1.825741858350553670e+01
1.845785378995423720e-01 3.696966784958125030e-01 1.825741858350553670e+01
1.850662945686954719e-01 3.651937814024419082e-01 1.825741858350553670e+01
1.855553401556773174e-01 3.603533628120741961e-01 1.825741858350553670e+01
1.860456780665083465e-01 3.556546657328574224e-01 1.825741858350553670e+01
1.865373117162094085e-01 3.512043230139437755e-01 1.825741858350553670e+01
1.870302445288259396e-01 3.470493020590530442e-01 1.825741858350553670e+01
1.875244799374514160e-01 3.432689505112361261e-01 1.825741858350553670e+01
1.880200213842513346e-01 3.386094295864890968e-01 1.825741858350553670e+01
1.885168723204874441e-01 3.367482881081322876e-01 1.825741858350553670e+01
1.890150362065413925e-01 3.307994293491727245e-01 1.825741858350553670e+01
1.895145165119392350e-01 3.269274890347831364e-01 1.825741858350553670e+01
1.900153167153753042e-01 3.231961232806281892e-01 1.825741858350553670e+01
1.905174403047365239e-01 3.197604274377451317e-01 1.825741858350553670e+01
1.910208907771266673e-01 3.161620514550695371e-01 1.825741858350553670e+01
1.915256716388908653e-01 3.126783074508839855e-01 1.825741858350553670e+01
1.920317864056398649e-01 3.094653117086994532e-01 1.825741858350553670e+01
1.925392386022745095e-01 3.057400652448487577e-01 1.825741858350553670e+01
1.930480317630103859e-01 3.029297726296139581e-01 1.825741858350553670e+01
1.935581694314023882e-01 2.995852653860336945e-01 1.825741858350553670e+01
1.940696551603695030e-01 2.965166059375551888e-01 1.825741858350553670e+01
1.945824925122193183e-01 2.938564079528485085e-01 1.825741858350553670e+01
1.950966850586730306e-01 2.910790213454853559e-01 1.825741858350553670e+01
1.956122363808901754e-01 2.879960948009586130e-01 1.825741858350553670e+01
1.961291500694939127e-01 2.852131182777072338e-01 1.825741858350553670e+01
1.966474297245954517e-01 2.811169310545205691e-01 1.825741858350553670e+01
1.971670789558196690e-01 2.799453074002096753e-01 1.825741858350553670e+01
1.976881013823299504e-01 2.764732426138978849e-01 1.825741858350553670e+01
1.982105006328533925e-01 2.750128739109031217e-01 1.825741858350553670e+01
1.987342803457063656e-01 2.723752997191965508e-01 1.825741858350553670e+01
1.992594441688195495e-01 2.698980989916843765e-01 1.825741858350553670e+01
1.997859957597633018e-01 2.675215448736930068e-01 1.825741858350553670e+01
2.003139387857734710e-01 2.651224738104675516e-01 1.825741858350553670e+01
2.008432769237765703e-01 2.629139588010947493e-01 1.825741858350553670e+01
2.013740138604157015e-01 2.607008329192443963e-01 1.825741858350553670e+01
2.019061532920759794e-01 2.585596901551312499e-01 1.825741858350553670e+01
2.024396989249103440e-01 2.565228030062923770e-01 1.825741858350553670e+01
2.029746544748654846e-01 2.542317245418371230e-01 1.825741858350553670e+01
2.035110236677076245e-01 2.521552587028305648e-01 1.825741858350553670e+01
2.040488102390484448e-01 2.508054228882489745e-01 1.825741858350553670e+01
2.045880179343711747e-01 2.483172843393540163e-01 1.825741858350553670e+01
2.051286505090566259e-01 2.462876259806247858e-01 1.825741858350553670e+01
2.056707117284092556e-01 2.444905403841611535e-01 1.825741858350553670e+01
2.062142053676838116e-01 2.418952245080666363e-01 1.825741858350553670e+01
2.067591352121109782e-01 2.420487787875026664e-01 1.825741858350553670e+01
2.073055050569242719e-01 2.389505622337486646e-01 1.825741858350553670e+01
2.078533187073861310e-01 2.374269413069966528e-01 1.825741858350553670e+01
2.084025799788146727e-01 2.354508982316017018e-01 1.825741858350553670e+01
2.089532926966101989e-01 2.335745846492873479e-01 1.825741858350553670e+01
2.095054606962816479e-01 2.319725884658851434e-01 1.825741858350553670e+01
2.100590878234735170e-01 2.303579444412305888e-01 1.825741858350553670e+01
2.106141779339925912e-01 2.288852183111807215e-01 1.825741858350553670e+01
2.111707348938348661e-01 2.274705719466932896e-01 1.825741858350553670e+01
2.117287625792122763e-01 2.258295995065480455e-01 1.825741858350553670e+01
2.122882648765798685e-01 2.243007346602118035e-01 1.825741858350553670e+01
2.128492456826627799e-01 2.227822840824363326e-01 1.825741858350553670e+01
2.134117089044833826e-01 2.212449997587081219e-01 1.825741858350553670e+01
2.139756584593887068e-01 2.206540907058426593e-01 1.825741858350553670e+01
2.145410982750773077e-01 2.174841732656456195e-01 1.825741858350553670e+01
2.151080322896270214e-01 2.171207722260061201e-01 1.825741858350553670e+01
2.156764644515219986e-01 2.157809713065418911e-01 1.825741858350553670e+01
2.162463987196807658e-01 2.144147693465546511e-01 1.825741858350553670e+01
2.168178390634832031e-01 2.134443303510489554e-01 1.825741858350553670e+01
2.173907894627984949e-01 2.118433235963640970e-01 1.825741858350553670e+01
2.179652539080128570e-01 2.105744881332405893e-01 1.825741858350553670e+01
2.185412364000571539e-01 2.092933065986653240e-01 1.825741858350553670e+01
2.191187409504350703e-01 2.081197935609767624e-01 1.825741858350553670e+01
2.196977715812507559e-01 2.068286680544482448e-01 1.825741858350553670e+01
2.202783323252368586e-01 2.056758920590722461e-01 1.825741858350553670e+01
2.208604272257828627e-01 2.045162962591569600e-01 1.825741858350553670e+01
2.214440603369628446e-01 2.033473811790349473e-01 1.825741858350553670e+01
2.220292357235642833e-01 2.023661731907567818e-01 1.825741858350553670e+01
2.226159574611157876e-01 2.010940371726658571e-01 1.825741858350553670e+01
2.232042296359157407e-01 2.000045040994819501e-01 1.825741858350553670e+01
2.237940563450607767e-01 1.989042314419948165e-01 1.825741858350553670e+01
2.243854416964743692e-01 1.979476811623978871e-01 1.825741858350553670e+01
2.249783898089352252e-01 1.968549319886921667e-01 1.825741858350553670e+01
2.255729048121061786e-01 1.958157486577146722e-01 1.825741858350553670e+01
2.261689908465628063e-01 1.947862941714262608e-01 1.825741858350553670e+01
2.267666520638223215e-01 1.939099106364719494e-01 1.825741858350553670e+01
2.273658926263727176e-01 1.928201427825897152e-01 1.825741858350553670e+01
2.279667167077012724e-01 1.917809606960206581e-01 1.825741858350553670e+01
2.285691284923239974e-01 1.912953427890803360e-01 1.825741858350553670e+01
2.291731321758145590e-01 1.899257648559099509e-01 1.825741858350553670e+01
2.297787319648339210e-01 1.890470093340892166e-01 1.825741858350553670e+01
2.303859320771589336e-01 1.881233139205220894e-01 1.825741858350553670e+01
2.309947367417123087e-01 1.871471527406364799e-01 1.825741858350553670e+01
2.316051501985918748e-01 1.863498222593886755e-01 1.825741858350553670e+01
2.322171766990999697e-01 1.855068095599653188e-01 1.825741858350553670e+01
2.328308205057733893e-01 1.846273133541049549e-01 1.825741858350553670e+01
2.334460858924126969e-01 1.837705974464995118e-01 1.825741858350553670e+01
2.340629771441121443e-01 1.829368082594537981e-01 1.825741858350553670e+01
2.346814985572897028e-01 1.821242524519555428e-01 1.825741858350553670e+01
2.353016544397165677e-01 1.813054509615369125e-01 1.825741858350553670e+01
2.359234491105476339e-01 1.805105335526492605e-01 1.825741858350553670e+01
2.365468869003512775e-01 1.806271330562267685e-01 1.825741858350553670e+01
2.371719721511394152e-01 1.789193689107844987e-01 1.825741858350553670e+01
2.377987092163981186e-01 1.781122664221295449e-01 1.825741858350553670e+01
2.384271024611177570e-01 1.773534640424744846e-01 1.825741858350553670e+01
2.390571562618231671e-01 1.767653024193056033e-01 1.825741858350553670e+01
2.396888750066045182e-01 1.759284543476133389e-01 1.825741858350553670e+01
2.403222630951476479e-01 1.752370033361521917e-01 1.825741858350553670e+01
2.409573249387646499e-01 1.745106409725279695e-01 1.825741858350553670e+01
2.415940649604249035e-01 1.737985022247328371e-01 1.825741858350553670e+01
2.422324875947854950e-01 1.730865907384133984e-01 1.825741858350553670e+01
2.428725972882223583e-01 1.723954131266051959e-01 1.825741858350553670e+01
2.435143984988610844e-01 1.719094235283238625e-01 1.825741858350553670e+01
2.441578956966082570e-01 1.710786264584898408e-01 1.825741858350553670e+01
2.448030933631821504e-01 1.704246820685731412e-01 1.825741858350553670e+01
2.454499959921442875e-01 1.697447284822226898e-01 1.825741858350553670e+01
2.460986080889305538e-01 1.691181597753600441e-01 1.825741858350553670e+01
2.467489341708827000e-01 1.684249514240429846e-01 1.825741858350553670e+01
2.474009787672797334e-01 1.678324964425436383e-01 1.825741858350553670e+01
2.480547464193695040e-01 1.672058582842302910e-01 1.825741858350553670e+01
2.487102416804002070e-01 1.666065718444837418e-01 1.825741858350553670e+01
2.493674691156523016e-01 1.660498021943465907e-01 1.825741858350553670e+01
2.500264333024700414e-01 1.654668042122429128e-01 1.825741858350553670e+01
2.506871388302936987e-01 1.648237004727426680e-01 1.825741858350553670e+01
2.513495903006912613e-01 1.642091093358984677e-01 1.825741858350553670e+01
2.520137923273905178e-01 1.636440346768568699e-01 1.825741858350553670e+01
2.526797495363111712e-01 1.630300371373446522e-01 1.825741858350553670e+01
2.533474665655973679e-01 1.625495813443638415e-01 1.825741858350553670e+01
2.540169480656495060e-01 1.620080116241159052e-01 1.825741858350553670e+01
2.546881986991568758e-01 1.614404727851307952e-01 1.825741858350553670e+01
2.553612231411302447e-01 1.609094750190471768e-01 1.825741858350553670e+01
2.560360260789341647e-01 1.603793251373842321e-01 1.825741858350553670e+01
2.567126122123199461e-01 1.598315927782393564e-01 1.825741858350553670e+01
2.573909862534580761e-01 1.592595304053073813e-01 1.825741858350553670e+01
2.580711529269710258e-01 1.587943146098934333e-01 1.825741858350553670e+01
2.587531169699664457e-01 1.583755227787178033e-01 1.825741858350553670e+01
2.594368831320699731e-01 1.578067675651406987e-01 1.825741858350553670e+01
2.601224561754583164e-01 1.573029770988096376e-01 1.825741858350553670e+01
2.608098408748923958e-01 1.568287662695266871e-01 1.825741858350553670e+01
2.614990420177507047e-01 1.563239021231836445e-01 1.825741858350553670e+01
2.621900644040625616e-01 1.566288574566508940e-01 1.825741858350553670e+01
2.628829128465416387e-01 1.554388183815711977e-01 1.825741858350553670e+01
2.635775921706192682e-01 1.549096631071749663e-01 1.825741858350553670e+01
2.642741072144783043e-01 1.544400363466721937e-01 1.825741858350553670e+01
2.649724628290866524e-01 1.539357026153054253e-01 1.825741858350553670e+01
2.656726638782310190e-01 1.535416649254441601e-01 1.825741858350553670e+01
2.663747152385511630e-01 1.530934494799813528e-01 1.825741858350553670e+01
2.670786217995733125e-01 1.526460569778553544e-01 1.825741858350553670e+01
2.677843884637444716e-01 1.521687222589948874e-01 1.825741858350553670e+01
2.684920201464667255e-01 1.517817190244555858e-01 1.825741858350553670e+01
2.692015217761313250e-01 1.513625314489692453e-01 1.825741858350553670e+01
2.699128982941527699e-01 1.509700682933032556e-01 1.825741858350553670e+01
2.706261546550036701e-01 1.504836636630103031e-01 1.825741858350553670e+01
2.713412958262490515e-01 1.501082649150457526e-01 1.825741858350553670e+01
2.720583267885807732e-01 1.497005669803186945e-01 1.825741858350553670e+01
2.727772525358525546e-01 1.493494295514668502e-01 1.825741858350553670e+01
2.734980780751144480e-01 1.488619732041936983e-01 1.825741858350553670e+01
2.742208084266480328e-01 1.485414709511936326e-01 1.825741858350553670e+01
2.749454486240009987e-01 1.481132512955929126e-01 1.825741858350553670e+01
2.756720037140225621e-01 1.480657130362479923e-01 1.825741858350553670e+01
2.764004787568982713e-01 1.473488004745456270e-01 1.825741858350553670e+01
2.771308788261855338e-01 1.469890084611694681e-01 1.825741858350553670e+01
2.778632090088490880e-01 1.466316475249465623e-01 1.825741858350553670e+01
2.785974744052956420e-01 1.460571155379067898e-01 1.825741858350553670e+01
2.793336801294106220e-01 1.458237902396918029e-01 1.825741858350553670e+01
2.800718313085923672e-01 1.454915801680882192e-01 1.825741858350553670e+01
2.808119330837890448e-01 1.451197284044156710e-01 1.825741858350553670e+01
2.815539906095343436e-01 1.447493182654478183e-01 1.825741858350553670e+01
2.822980090539820575e-01 1.444573106683286756e-01 1.825741858350553670e+01
2.830439935989439992e-01 1.441353250056887358e-01 1.825741858350553670e+01
2.837919494399244735e-01 1.437428792390573473e-01 1.825741858350553670e+01
2.845418817861575245e-01 1.437460105602652860e-01 1.825741858350553670e+01
2.852937958606427959e-01 1.429064840219946009e-01 1.825741858350553670e+01
2.860476969001816139e-01 1.427445007941976762e-01 1.825741858350553670e+01
2.868035901554142342e-01 1.422438233874219748e-01 1.825741858350553670e+01
2.875614808908554254e-01 1.421447870320761142e-01 1.825741858350553670e+01
2.883213743849319943e-01 1.417351733776667233e-01 1.825741858350553670e+01
2.890832759300195343e-01 1.414288850178706536e-01 1.825741858350553670e+01
2.898471908324780633e-01 1.410578062538193067e-01 1.825741858350553670e+01
2.906131244126907709e-01 1.420446864262811526e-01 1.825741858350553670e+01
2.913810820050998784e-01 1.405067362862721103e-01 1.825741858350553670e+01
2.921510689582437759e-01 1.401658018519642557e-01 1.825741858350553670e+01
2.929230906347951024e-01 1.399440120463410764e-01 1.825741858350553670e+01
2.936971524115971621e-01 1.396505140114518151e-01 1.825741858350553670e+01
2.944732596797021151e-01 1.392737470200685612e-01 1.825741858350553670e+01
2.952514178444081705e-01 1.389780047862823331e-01 1.825741858350553670e+01
2.960316323252969450e-01 1.386742062448747814e-01 1.825741858350553670e+01
2.968139085562720991e-01 1.383960499750263307e-01 1.825741858350553670e+01
2.975982519855959740e-01 1.381434597323221158e-01 1.825741858350553670e+01
2.983846680759285608e-01 1.378856359590416580e-01 1.825741858350553670e+01
2.991731623043653032e-01 1.375252579091832683e-01 1.825741858350553670e+01
2.999637401624745126e-01 1.372638117139335368e-01 1.825741858350553670e+01
3.007564071563370023e-01 1.369868776856031090e-01 1.825741858350553670e+01
3.015511688065829476e-01 1.367229411591407706e-01 1.825741858350553670e+01
3.023480306484312985e-01 1.364821946933442998e-01 1.825741858350553670e+01
3.031469982317283041e-01 1.361783206919194578e-01 1.825741858350553670e+01
3.039480771209853160e-01 1.359638848915927234e-01 1.825741858350553670e+01
3.047512728954188677e-01 1.356561329443139452e-01 1.825741858350553670e+01
3.055565911489880881e-01 1.354409393399573780e-01 1.825741858350553670e+01
3.063640374904349484e-01 1.351268786801617106e-01 1.825741858350553670e+01
3.071736175433226190e-01 1.349484741015593847e-01 1.825741858350553670e+01
3.079853369460744950e-01 1.346576005505471241e-01 1.825741858350553670e+01
3.087992013520139967e-01 1.343996702629549900e-01 1.825741858350553670e+01
3.096152164294038722e-01 1.341614533388888475e-01 1.825741858350553670e+01
3.104333878614849995e-01 1.338738721994084668e-01 1.825741858350553670e+01
3.112537213465169650e-01 1.336588044857488222e-01 1.825741858350553670e+01
3.120762225978168658e-01 1.333915697818689183e-01 1.825741858350553670e+01
3.129008973437996666e-01 1.332286910906119448e-01 1.825741858350553670e+01
3.137277513280180008e-01 1.329259023900384584e-01 1.825741858350553670e+01
3.145567903092018058e-01 1.326769079139667462e-01 1.825741858350553670e+01
3.153880200612991236e-01 1.324615373156111386e-01 1.825741858350553670e+01
3.162214463735152914e-01 1.322187433521264943e-01 1.825741858350553670e+01
3.170570750503545199e-01 1.318604396075602758e-01 1.825741858350553670e+01
3.178949119116594169e-01 1.317702295356110165e-01 1.825741858350553670e+01
3.187349627926513995e-01 1.316278727773690926e-01 1.825741858350553670e+01
3.195772335439724943e-01 1.312877455167623664e-01 1.825741858350553670e+01
3.204217300317244166e-01 1.311293576010747197e-01 1.825741858350553670e+01
3.212684581375109816e-01 1.308989006096106522e-01 1.825741858350553670e+01
3.221174237584782940e-01 1.313420327268437215e-01 1.825741858350553670e+01
3.229686328073554380e-01 1.304594039611709777e-01 1.825741858350553670e+01
3.238220912124967210e-01 1.302295833416169113e-01 1.825741858350553670e+01
3.246778049179219749e-01 1.301326059258151868e-01 1.825741858350553670e+01
3.255357798833584670e-01 1.299070129374547966e-01 1.825741858350553670e+01
3.263960220842827553e-01 1.296522429819219613e-01 1.825741858350553670e+01
3.272585375119608231e-01 1.294001695639047933e-01 1.825741858350553670e+01
3.281233321734919328e-01 1.291961871324433797e-01 1.825741858350553670e+01
3.289904120918488162e-01 1.290022995027713948e-01 1.825741858350553670e+01
3.298597833059200291e-01 1.287893709437896439e-01 1.825741858350553670e+01
3.307314518705525841e-01 1.286292899375611198e-01 1.825741858350553670e+01
3.316054238565931955e-01 1.284085321158400517e-01 1.825741858350553670e+01
3.324817053509314668e-01 1.282205734308999312e-01 1.825741858350553670e+01
3.333603024565418016e-01 1.280338420762563434e-01 1.825741858350553670e+01
3.342412212925255921e-01 1.279244160980647915e-01 1.825741858350553670e+01
3.351244679941548510e-01 1.276486171492544064e-01 1.825741858350553670e+01
3.360100487129135671e-01 1.274719025443588061e-01 1.825741858350553670e+01
3.368979696165419480e-01 1.272557560310440539e-01 1.825741858350553670e+01
3.377882368890785525e-01 1.271385510938063679e-01 1.825741858350553670e+01
3.386808567309031459e-01 1.268451808407201620e-01 1.825741858350553670e+01
3.395758353587808309e-01 1.267319530966401209e-01 1.825741858350553670e+01
3.404731790059041252e-01 1.267021280903026514e-01 1.825741858350553670e+01
3.413728939219375369e-01 1.270176232309503384e-01 1.825741858350553670e+01
3.422749863730607522e-01 1.262178912967021338e-01 1.825741858350553670e+01
3.431794626420113237e-01 1.260101388289263935e-01 1.825741858350553670e+01
3.440863290281300779e-01 1.258629120092827625e-01 1.825741858350553670e+01
3.449955918474032490e-01 1.256736884256114961e-01 1.825741858350553670e+01
3.459072574325080529e-01 1.254770835205940849e-01 1.825741858350553670e+01
3.468213321328559307e-01 1.253774316354731300e-01 1.825741858350553670e+01
3.477378223146365688e-01 1.251746293245005748e-01 1.825741858350553670e+01
3.486567343608629743e-01 1.250703676472059711e-01 1.825741858350553670e+01
3.495780746714151621e-01 1.248419959916597377e-01 1.825741858350553670e+01
3.505018496630854519e-01 1.246106674597317054e-01 1.825741858350553670e+01
3.514280657696228771e-01 1.245043876055571402e-01 1.825741858350553670e+01
3.523567294417773166e-01 1.243682346056957932e-01 1.825741858350553670e+01
3.532878471473457349e-01 1.241901519181495411e-01 1.825741858350553670e+01
3.542214253712162586e-01 1.240442039135500607e-01 1.825741858350553670e+01
3.551574706154132510e-01 1.238202291553150147e-01 1.825741858350553670e+01
3.560959893991437752e-01 1.237187737273085786e-01 1.825741858350553670e+01
3.570369882588411148e-01 1.235784964728628282e-01 1.825741858350553670e+01
3.579804737482123467e-01 1.234213910527116043e-01 1.825741858350553670e+01
3.589264524382825838e-01 1.233294228853842461e-01 1.825741858350553670e+01
3.598749309174408828e-01 1.230679860204027393e-01 1.825741858350553670e+01
3.608259157914869841e-01 1.230276247238827475e-01 1.825741858350553670e+01
3.617794136836761099e-01 1.227741104164176561e-01 1.825741858350553670e+01
3.627354312347660370e-01 1.226498572841869805e-01 1.825741858350553670e+01
3.636939751030634493e-01 1.225167504183865136e-01 1.825741858350553670e+01
3.646550519644689015e-01 1.223233171174413353e-01 1.825741858350553670e+01
3.656186685125253355e-01 1.222480165677604091e-01 1.825741858350553670e+01
3.665848314584627121e-01 1.220960228137098480e-01 1.825741858350553670e+01
3.675535475312464717e-01 1.219550176525310559e-01 1.825741858350553670e+01
3.685248234776234422e-01 1.218714615925587108e-01 1.825741858350553670e+01
3.694986660621686347e-01 1.216751654068519845e-01 1.825741858350553670e+01
3.704750820673333722e-01 1.215305414504653653e-01 1.825741858350553670e+01
3.714540782934910856e-01 1.213916562053214548e-01 1.825741858350553670e+01
3.724356615589862196e-01 1.212585410065265684e-01 1.825741858350553670e+01
3.734198387001808617e-01 1.211279025825666433e-01 1.825741858350553670e+01
3.744066165715019823e-01 1.210012829420687858e-01 1.825741858350553670e+01
3.753960020454901181e-01 1.208569960601682675e-01 1.825741858350553670e+01
3.763880020128469450e-01 1.183789668284261770e-01 1.825741858350553670e+01
3.773826233824824072e-01 1.203422482261578136e-01 1.825741858350553670e+01
3.783798730815644551e-01 1.204690654709806713e-01 1.825741858350553670e+01
3.793797580555653415e-01 1.203345531268279200e-01 1.825741858350553670e+01
3.803822852683119704e-01 1.202189490297474739e-01 1.825741858350553670e+01
3.813874617020331925e-01 1.200813031526272584e-01 1.825741858350553670e+01
3.823952943574080998e-01 1.202735725169854636e-01 1.825741858350553670e+01
3.834057902536162077e-01 1.198430681303680606e-01 1.825741858350553670e+01
