2.738612787525830303e-02 3.287395510320933467e-01 2.921186973360885872e+02
2.745849688774178524e-02 3.477222916709479805e-01 2.921186973360885872e+02
2.753105713843142024e-02 3.923437432714966255e-01 2.921186973360885872e+02
2.760380913268230263e-02 4.311394873531518845e-01 2.921186973360885872e+02
2.767675337718500730e-02 4.872527597210924988e-01 2.921186973360885872e+02
2.774989037996901386e-02 5.484557858602100433e-01 2.921186973360885872e+02
2.782322065040631828e-02 6.337498837351238645e-01 2.921186973360885872e+02
2.789674469921496480e-02 8.184873743517273592e-01 2.921186973360885872e+02
2.797046303846255355e-02 8.644346688499370268e-01 2.921186973360885872e+02
2.804437618156989040e-02 9.495992952069765014e-01 2.921186973360885872e+02
2.811848464331445988e-02 1.004678812693769130e+00 2.921186973360885872e+02
2.819278893983413053e-02 8.141012005378115424e-01 2.921186973360885872e+02
2.826728958863066257e-02 1.186488132375687732e+00 2.921186973360885872e+02
2.834198710857330564e-02 1.251839187701051737e+00 2.921186973360885872e+02
2.841688201990248686e-02 1.349760643133065097e+00 2.921186973360885872e+02
2.849197484423339477e-02 1.378543925988904295e+00 2.921186973360885872e+02
2.856726610455954593e-02 1.371811489810628615e+00 2.921186973360885872e+02
2.864275632525657700e-02 1.347351334969838721e+00 2.921186973360885872e+02
2.871844603208573155e-02 1.097111460590762810e+00 2.921186973360885872e+02
2.879433575219763480e-02 1.075080315041931023e+00 2.921186973360885872e+02
2.887042601413596088e-02 1.127748906585362754e+00 2.921186973360885872e+02
2.894671734784101322e-02 1.060991885604498197e+00 2.921186973360885872e+02
2.902321028465355141e-02 9.718333659129021473e-01 2.921186973360885872e+02
2.909990535731837163e-02 9.124940374020423794e-01 2.921186973360885872e+02
2.917680309998810576e-02 8.464346316039382812e-01 2.921186973360885872e+02
2.925390404822691276e-02 6.593441650370011065e-01 2.921186973360885872e+02
2.933120873901415640e-02 5.754184509802727776e-01 2.921186973360885872e+02
2.940871771074825627e-02 6.794542420016361772e-01 2.921186973360885872e+02
2.948643150325030646e-02 4.655475828652688164e-01 2.921186973360885872e+02
2.956435065776794741e-02 4.434502107022085249e-01 2.921186973360885872e+02
2.964247571697909561e-02 3.937324804258041100e-01 2.921186973360885872e+02
2.972080722499565938e-02 5.000168606561370410e-01 2.921186973360885872e+02
2.979934572736745932e-02 4.894608885120031450e-01 2.921186973360885872e+02
2.987809177108588857e-02 3.238147087043729000e-01 2.921186973360885872e+02
2.995704590458782984e-02 3.041647806479220173e-01 2.921186973360885872e+02
3.003620867775944406e-02 2.883034255166354032e-01 2.921186973360885872e+02
3.011558064193993467e-02 2.307176714674111506e-01 2.921186973360885872e+02
3.019516234992550979e-02 2.477005481893486405e-01 2.921186973360885872e+02
3.027495435597309797e-02 2.406896948468112973e-01 2.921186973360885872e+02
3.035495721580432418e-02 2.367466176053508453e-01 2.921186973360885872e+02
3.043517148660933661e-02 2.137120183578421206e-01 2.921186973360885872e+02
3.051559772705062651e-02 2.110538935922795512e-01 2.921186973360885872e+02
3.059623649726702851e-02 1.801834230961982530e-01 2.921186973360885872e+02
3.067708835887756474e-02 1.891448902312022617e-01 2.921186973360885872e+02
3.075815387498530978e-02 1.817973349273858119e-01 2.921186973360885872e+02
3.083943361018143606e-02 2.455723885055081934e-01 2.921186973360885872e+02
3.092092813054899553e-02 1.723875449263633786e-01 2.921186973360885872e+02
3.100263800366699282e-02 1.656284769505055321e-01 2.921186973360885872e+02
3.108456379861428837e-02 1.579534832188038140e-01 2.921186973360885872e+02
3.116670608597350151e-02 1.623022051519764919e-01 2.921186973360885872e+02
3.124906543783510793e-02 1.555912824651132786e-01 2.921186973360885872e+02
3.133164242780130115e-02 1.526630488542967956e-01 2.921186973360885872e+02
3.141443763099006914e-02 1.496636066498987783e-01 2.921186973360885872e+02
3.149745162403919801e-02 1.466794857798938423e-01 2.921186973360885872e+02
3.158068498511019950e-02 1.449792657330141732e-01 2.921186973360885872e+02
3.166413829389248119e-02 1.452240843114855906e-01 2.921186973360885872e+02
3.174781213160721843e-02 1.456289226894693645e-01 2.921186973360885872e+02
3.183170708101156626e-02 1.433133527839635657e-01 2.921186973360885872e+02
3.191582372640260068e-02 1.579978892326094064e-01 2.921186973360885872e+02
3.200016265362142648e-02 1.607246485601319108e-01 2.921186973360885872e+02
3.208472445005728507e-02 1.504519461470389674e-01 2.921186973360885872e+02
3.216950970465156517e-02 1.523369587232592526e-01 2.921186973360885872e+02
3.225451900790202164e-02 1.545510754351002158e-01 2.921186973360885872e+02
3.233975295186680005e-02 3.503129613001669806e-01 2.921186973360885872e+02
3.242521213016855836e-02 1.566627948389600622e-01 2.921186973360885872e+02
3.251089713799866499e-02 1.585389783894424476e-01 2.921186973360885872e+02
3.259680857212131355e-02 3.755165719489592102e-01 2.921186973360885872e+02
3.268294703087760988e-02 1.654922770518625630e-01 2.921186973360885872e+02
3.276931311418988108e-02 1.596010642986193939e-01 2.921186973360885872e+02
3.285590742356571392e-02 1.985413591009670964e-01 2.921186973360885872e+02
3.294273056210222234e-02 1.807556760691014786e-01 2.921186973360885872e+02
3.302978313449028008e-02 1.894223583792700449e-01 2.921186973360885872e+02
3.311706574701858002e-02 2.019010133898511694e-01 2.921186973360885872e+02
3.320457900757806807e-02 2.126698184119673318e-01 2.921186973360885872e+02
3.329232352566596775e-02 2.190947351949641131e-01 2.921186973360885872e+02
3.338029991239020722e-02 2.312099634602655940e-01 2.921186973360885872e+02
3.346850878047356870e-02 2.407507990872657933e-01 2.921186973360885872e+02
3.355695074425794205e-02 2.529847396094732637e-01 2.921186973360885872e+02
3.364562641970869628e-02 2.760834043657977577e-01 2.921186973360885872e+02
3.373453642441887057e-02 3.004296034138377314e-01 2.921186973360885872e+02
3.382368137761354587e-02 3.159479714585604060e-01 2.921186973360885872e+02
3.391306190015415389e-02 3.273331453051511186e-01 2.921186973360885872e+02
3.400267861454270985e-02 3.236571297331206631e-01 2.921186973360885872e+02
3.409253214492629497e-02 4.011475449482058697e-01 2.921186973360885872e+02
3.418262311710125456e-02 4.294743707418372525e-01 2.921186973360885872e+02
3.427295215851768051e-02 4.626331529438103551e-01 2.921186973360885872e+02
3.436351989828372727e-02 4.999974557966136435e-01 2.921186973360885872e+02
3.445432696716994869e-02 5.703603668464811705e-01 2.921186973360885872e+02
3.454537399761377359e-02 8.172723518059320513e-01 2.921186973360885872e+02
3.463666162372389806e-02 8.462161605143290188e-01 2.921186973360885872e+02
3.472819048128459457e-02 7.938915893584700401e-01 2.921186973360885872e+02
3.481996120776031239e-02 9.229669908853734839e-01 2.921186973360885872e+02
3.491197444229995200e-02 1.154474072586750832e+00 2.921186973360885872e+02
3.500423082574146555e-02 1.255205040415933171e+00 2.921186973360885872e+02
3.509673100061620060e-02 1.401529590543975301e+00 2.921186973360885872e+02
3.518947561115341044e-02 1.530289207536714713e+00 2.921186973360885872e+02
3.528246530328481290e-02 1.655223083554043573e+00 2.921186973360885872e+02
3.537570072464894105e-02 1.808884735665506227e+00 2.921186973360885872e+02
3.546918252459580617e-02 1.842441684367259525e+00 2.921186973360885872e+02
3.556291135419135940e-02 1.980240589353382319e+00 2.921186973360885872e+02
3.565688786622194656e-02 1.928701406152040443e+00 2.921186973360885872e+02
3.575111271519902656e-02 2.050579161358058400e+00 2.921186973360885872e+02
3.584558655736355681e-02 2.001843688251355946e+00 2.921186973360885872e+02
3.594031005069067697e-02 1.912772071180140587e+00 2.921186973360885872e+02
3.603528385489426777e-02 1.647215858662971266e+00 2.921186973360885872e+02
3.613050863143147523e-02 1.650645020470469237e+00 2.921186973360885872e+02
3.622598504350743598e-02 1.530193954792598676e+00 2.921186973360885872e+02
3.632171375607979452e-02 1.353526148208341384e+00 2.921186973360885872e+02
3.641769543586337310e-02 1.176230734426346514e+00 2.921186973360885872e+02
3.651393075133486932e-02 1.156872863819875974e+00 2.921186973360885872e+02
3.661042037273738031e-02 9.934237638608813814e-01 2.921186973360885872e+02
3.670716497208521834e-02 8.274453682102423935e-01 2.921186973360885872e+02
3.680416522316848349e-02 7.325800888463380733e-01 2.921186973360885872e+02
3.690142180155779605e-02 8.716322778747603861e-01 2.921186973360885872e+02
3.699893538460902881e-02 6.177616971189114903e-01 2.921186973360885872e+02
3.709670665146795610e-02 7.177719428751850872e-01 2.921186973360885872e+02
3.719473628307504859e-02 5.268942947608432625e-01 2.921186973360885872e+02
3.729302496217020563e-02 4.788854178681171136e-01 2.921186973360885872e+02
3.739157337329745284e-02 6.686324911116566794e-01 2.921186973360885872e+02
3.749038220280980632e-02 4.215023841554972339e-01 2.921186973360885872e+02
3.758945213887392861e-02 3.927091228101022291e-01 2.921186973360885872e+02
3.768878387147506226e-02 3.528540286738833798e-01 2.921186973360885872e+02
3.778837809242174828e-02 2.931827859733027730e-01 2.921186973360885872e+02
3.788823549535061397e-02 3.160763581811699141e-01 2.921186973360885872e+02
3.798835677573131342e-02 2.941759995872385014e-01 2.921186973360885872e+02
3.808874263087128759e-02 2.697373070415119423e-01 2.921186973360885872e+02
3.818939375992060070e-02 2.671478084612941006e-01 2.921186973360885872e+02
3.829031086387694321e-02 2.568966564931970953e-01 2.921186973360885872e+02
3.839149464559030861e-02 2.461226506980409012e-01 2.921186973360885872e+02
3.849294580976810043e-02 2.298572723124036321e-01 2.921186973360885872e+02
3.859466506297987154e-02 2.209891861665817248e-01 2.921186973360885872e+02
3.869665311366234789e-02 2.417053624686988367e-01 2.921186973360885872e+02
3.879891067212435513e-02 2.038434634325723416e-01 2.921186973360885872e+02
3.890143845055167582e-02 1.961087091757425793e-01 2.921186973360885872e+02
3.900423716301210791e-02 1.952009944496444493e-01 2.921186973360885872e+02
3.910730752546044686e-02 1.913099997925964135e-01 2.921186973360885872e+02
3.921065025574334284e-02 1.788244513709464356e-01 2.921186973360885872e+02
3.931426607360445635e-02 1.757600048079565880e-01 2.921186973360885872e+02
3.941815570068935015e-02 2.074651127447901255e-01 2.921186973360885872e+02
3.952231986055059626e-02 1.682644703516585349e-01 2.921186973360885872e+02
3.962675927865282749e-02 1.656588137776104919e-01 2.921186973360885872e+02
3.973147468237762936e-02 1.590041904066487322e-01 2.921186973360885872e+02
3.983646680102886223e-02 1.532342783913100970e-01 2.921186973360885872e+02
3.994173636583747689e-02 1.536296055044956699e-01 2.921186973360885872e+02
4.004728410996682975e-02 1.517371905089081874e-01 2.921186973360885872e+02
4.015311076851766497e-02 1.493796083051349421e-01 2.921186973360885872e+02
4.025921707853320763e-02 1.480871339917281260e-01 2.921186973360885872e+02
4.036560377900445112e-02 1.571863761739817622e-01 2.921186973360885872e+02
4.047227161087511155e-02 1.462268255811474404e-01 2.921186973360885872e+02
4.057922131704691515e-02 1.451730790670499593e-01 2.921186973360885872e+02
4.068645364238477474e-02 1.429955626798101731e-01 2.921186973360885872e+02
4.079396933372187589e-02 1.427321371708576703e-01 2.921186973360885872e+02
4.090176913986499213e-02 1.428116662830710426e-01 2.921186973360885872e+02
4.100985381159960586e-02 1.446386170495735091e-01 2.921186973360885872e+02
4.111822410169523739e-02 1.429439182800331665e-01 2.921186973360885872e+02
4.122688076491060061e-02 1.434152747669452943e-01 2.921186973360885872e+02
4.133582455799886951e-02 1.437207948057711293e-01 2.921186973360885872e+02
4.144505623971301428e-02 1.446989233243184403e-01 2.921186973360885872e+02
4.155457657081103318e-02 1.460714529261172012e-01 2.921186973360885872e+02
4.166438631406122611e-02 1.470613695806714527e-01 2.921186973360885872e+02
4.177448623424759311e-02 1.486660516126373510e-01 2.921186973360885872e+02
4.188487709817504540e-02 1.502714911497796124e-01 2.921186973360885872e+02
4.199555967467488715e-02 1.523773622669982175e-01 2.921186973360885872e+02
4.210653473460999885e-02 1.551686480700956994e-01 2.921186973360885872e+02
4.221780305088038143e-02 1.574484282445016425e-01 2.921186973360885872e+02
4.232936539842843682e-02 1.600774873420035549e-01 2.921186973360885872e+02
4.244122255424433166e-02 1.616668656827378592e-01 2.921186973360885872e+02
4.255337529737153457e-02 1.821870837757267603e-01 2.921186973360885872e+02
4.266582440891215217e-02 1.718191857549360435e-01 2.921186973360885872e+02
4.277857067203233443e-02 1.760236993726213006e-01 2.921186973360885872e+02
4.289161487196785361e-02 1.815789318306031963e-01 2.921186973360885872e+02
4.300495779602944713e-02 1.864927158440265742e-01 2.921186973360885872e+02
4.311860023360836874e-02 1.929708295478939073e-01 2.921186973360885872e+02
4.323254297618192576e-02 2.001879297261665025e-01 2.921186973360885872e+02
4.334678681731884281e-02 2.055591267041928516e-01 2.921186973360885872e+02
4.346133255268495865e-02 4.462754752955504500e-01 2.921186973360885872e+02
4.357618098004864549e-02 2.231848397799305606e-01 2.921186973360885872e+02
4.369133289928644331e-02 2.331597567910155822e-01 2.921186973360885872e+02
4.380678911238861800e-02 2.463812841017603561e-01 2.921186973360885872e+02
4.392255042346464994e-02 2.576314899378782663e-01 2.921186973360885872e+02
4.403861763874900026e-02 1.958762960610775650e-01 2.921186973360885872e+02
4.415499156660661340e-02 2.836707392686169116e-01 2.921186973360885872e+02
4.427167301753852369e-02 2.998609291895781293e-01 2.921186973360885872e+02
4.438866280418762855e-02 3.242638691672319884e-01 2.921186973360885872e+02
4.450596174134418409e-02 3.431119664949426329e-01 2.921186973360885872e+02
4.462357064595166845e-02 3.601261934206938520e-01 2.921186973360885872e+02
4.474149033711224271e-02 3.784969094078916574e-01 2.921186973360885872e+02
4.485972163609268371e-02 4.380186498192195632e-01 2.921186973360885872e+02
4.497826536632998362e-02 4.449522100528344182e-01 2.921186973360885872e+02
4.509712235343702608e-02 4.802239006734115301e-01 2.921186973360885872e+02
4.521629342520850497e-02 5.444928748757577042e-01 2.921186973360885872e+02
4.533577941162655889e-02 5.703366940623016967e-01 2.921186973360885872e+02
4.545558114486657891e-02 6.446472540720544764e-01 2.921186973360885872e+02
4.557569945930304428e-02 7.031687662254960669e-01 2.921186973360885872e+02
4.569613519151524694e-02 7.591818384126111097e-01 2.921186973360885872e+02
4.581688918029325208e-02 8.219623370548484464e-01 2.921186973360885872e+02
4.593796226664362964e-02 9.428152435512784368e-01 2.921186973360885872e+02
4.605935529379531768e-02 1.362762151111166942e+00 2.921186973360885872e+02
4.618106910720556901e-02 1.154172435420795395e+00 2.921186973360885872e+02
4.630310455456574520e-02 1.305452205638574448e+00 2.921186973360885872e+02
4.642546248580730478e-02 1.483703939767374136e+00 2.921186973360885872e+02
4.654814375310770830e-02 1.694661668835285129e+00 2.921186973360885872e+02
4.667114921089625390e-02 2.095276602909247998e+00 2.921186973360885872e+02
4.679447971586016969e-02 2.315269883635833192e+00 2.921186973360885872e+02
4.691813612695051872e-02 2.535144672992832415e+00 2.921186973360885872e+02
4.704211930538812481e-02 2.768809792906238521e+00 2.921186973360885872e+02
4.716643011466969265e-02 3.021451281447086856e+00 2.921186973360885872e+02
4.729106942057367813e-02 3.157891442024023831e+00 2.921186973360885872e+02
4.741603809116648471e-02 3.382047308368408611e+00 2.921186973360885872e+02
4.754133699680830605e-02 3.456745602495049141e+00 2.921186973360885872e+02
4.766696701015941257e-02 3.471072644302396260e+00 2.921186973360885872e+02
4.779292900618606343e-02 3.356144189937438682e+00 2.921186973360885872e+02
4.791922386216662666e-02 3.201049891422860671e+00 2.921186973360885872e+02
4.804585245769776164e-02 2.908274194144500058e+00 2.921186973360885872e+02
4.817281567470051845e-02 2.661367791188935961e+00 2.921186973360885872e+02
4.830011439742636081e-02 2.491920878213016000e+00 2.921186973360885872e+02
4.842774951246354986e-02 2.169519050602942478e+00 2.921186973360885872e+02
4.855572190874308386e-02 1.946592345073710151e+00 2.921186973360885872e+02
4.868403247754508195e-02 1.788708146214414318e+00 2.921186973360885872e+02
4.881268211250488348e-02 1.769861037390300318e+00 2.921186973360885872e+02
4.894167170961925828e-02 1.356867226570112717e+00 2.921186973360885872e+02
4.907100216725275577e-02 1.216285409839291898e+00 2.921186973360885872e+02
4.920067438614381811e-02 1.076100717604250301e+00 2.921186973360885872e+02
4.933068926941117788e-02 1.400840775982592934e+00 2.921186973360885872e+02
4.946104772256011695e-02 9.215997843960975766e-01 2.921186973360885872e+02
4.959175065348866290e-02 1.194132940183916469e+00 2.921186973360885872e+02
4.972279897249408387e-02 7.713582531625630123e-01 2.921186973360885872e+02
4.985419359227916125e-02 7.329281013820163615e-01 2.921186973360885872e+02
4.998593542795842781e-02 6.766251047794562545e-01 2.921186973360885872e+02
5.011802539706478044e-02 6.131079963316159454e-01 2.921186973360885872e+02
5.025046441955560023e-02 5.693240439147113641e-01 2.921186973360885872e+02
5.038325341781941386e-02 5.241342402368517339e-01 2.921186973360885872e+02
5.051639331668211774e-02 4.964129051736314580e-01 2.921186973360885872e+02
5.064988504341352837e-02 4.637123988815563536e-01 2.921186973360885872e+02
5.078372952773387017e-02 4.234325500521227137e-01 2.921186973360885872e+02
5.091792770182004824e-02 4.340010261464165020e-01 2.921186973360885872e+02
5.105248050031243462e-02 3.983696303519881354e-01 2.921186973360885872e+02
5.118738886032116880e-02 3.747530950014639206e-01 2.921186973360885872e+02
5.132265372143270804e-02 5.655622423076329675e-01 2.921186973360885872e+02
5.145827602571645398e-02 3.317217190322548359e-01 2.921186973360885872e+02
5.159425671773129607e-02 3.248281480785601416e-01 2.921186973360885872e+02
5.173059674453207857e-02 3.060427518962327009e-01 2.921186973360885872e+02
5.186729705567630355e-02 2.929856625953984328e-01 2.921186973360885872e+02
5.200435860323074366e-02 2.810365299670006811e-01 2.921186973360885872e+02
5.214178234177808263e-02 2.729488111096304293e-01 2.921186973360885872e+02
5.227956922842343784e-02 2.998485987638278005e-01 2.921186973360885872e+02
5.241772022280118820e-02 2.510376050613272181e-01 2.921186973360885872e+02
5.255623628708157996e-02 2.395682800963555570e-01 2.921186973360885872e+02
5.269511838597738806e-02 2.344057247564592383e-01 2.921186973360885872e+02
5.283436748675073014e-02 2.264582742222331635e-01 2.921186973360885872e+02
5.297398455921977639e-02 2.174778034782534619e-01 2.921186973360885872e+02
5.311397057576539016e-02 2.160782537282858184e-01 2.921186973360885872e+02
5.325432651133809453e-02 2.039402659321292444e-01 2.921186973360885872e+02
5.339505334346468512e-02 2.018488601635979873e-01 2.921186973360885872e+02
5.353615205225518286e-02 1.893616240966555786e-01 2.921186973360885872e+02
5.367762362040949531e-02 1.924965909990556945e-01 2.921186973360885872e+02
5.381946903322445269e-02 1.868098175457284238e-01 2.921186973360885872e+02
5.396168927860055947e-02 1.829716969847146324e-01 2.921186973360885872e+02
5.410428534704881526e-02 1.790719626319728641e-01 2.921186973360885872e+02
5.424725823169776473e-02 1.759576254809069873e-01 2.921186973360885872e+02
5.439060892830033245e-02 1.721551051466299886e-01 2.921186973360885872e+02
5.453433843524069236e-02 1.689366375481260174e-01 2.921186973360885872e+02
5.467844775354136627e-02 1.639129457183692296e-01 2.921186973360885872e+02
5.482293788687012809e-02 1.632296063573985823e-01 2.921186973360885872e+02
5.496780984154689409e-02 1.609392703625331655e-01 2.921186973360885872e+02
5.511306462655091165e-02 1.581754698367557055e-01 2.921186973360885872e+02
5.525870325352764956e-02 1.558471282774935018e-01 2.921186973360885872e+02
5.540472673679594506e-02 1.545667781098456484e-01 2.921186973360885872e+02
5.555113609335496361e-02 1.523195649661101825e-01 2.921186973360885872e+02
5.569793234289134587e-02 1.504042000537302859e-01 2.921186973360885872e+02
5.584511650778635483e-02 1.483942575997642954e-01 2.921186973360885872e+02
5.599268961312283549e-02 1.477298289600671444e-01 2.921186973360885872e+02
5.614065268669254927e-02 1.465070559328224553e-01 2.921186973360885872e+02
5.628900675900318923e-02 1.449547567819144955e-01 2.921186973360885872e+02
5.643775286328563123e-02 1.439653337102975994e-01 2.921186973360885872e+02
5.658689203550112262e-02 1.428624289755685839e-01 2.921186973360885872e+02
5.673642531434842234e-02 1.420964151294082656e-01 2.921186973360885872e+02
5.688635374127117700e-02 1.414932055873555083e-01 2.921186973360885872e+02
5.703667836046504014e-02 1.409077029783219193e-01 2.921186973360885872e+02
5.718740021888497893e-02 1.405302280102313228e-01 2.921186973360885872e+02
5.733852036625265713e-02 1.399756398810505231e-01 2.921186973360885872e+02
5.749003985506359604e-02 1.399475495704101957e-01 2.921186973360885872e+02
5.764195974059462685e-02 1.399399224814444065e-01 2.921186973360885872e+02
5.779428108091119037e-02 1.400123339434713177e-01 2.921186973360885872e+02
5.794700493687467147e-02 1.352975857026683104e-01 2.921186973360885872e+02
5.810013237214989995e-02 1.407002167073320986e-01 2.921186973360885872e+02
5.825366445321241565e-02 1.409780345647959066e-01 2.921186973360885872e+02
5.840760224935601097e-02 1.414141638484999464e-01 2.921186973360885872e+02
5.856194683270008611e-02 1.417724463019207348e-01 2.921186973360885872e+02
5.871669927819719859e-02 1.423419236276902422e-01 2.921186973360885872e+02
5.887186066364052950e-02 1.434752869494283212e-01 2.921186973360885872e+02
5.902743206967133588e-02 1.437262567072748187e-01 2.921186973360885872e+02
5.918341457978652104e-02 1.505614650979759661e-01 2.921186973360885872e+02
5.933980928034621877e-02 1.471980022475352923e-01 2.921186973360885872e+02
5.949661726058123185e-02 1.484231888965976132e-01 2.921186973360885872e+02
5.965383961260079665e-02 1.503139010122988006e-01 2.921186973360885872e+02
5.981147743140002165e-02 1.515400532362888297e-01 2.921186973360885872e+02
5.996953181486762430e-02 1.533361237896669615e-01 2.921186973360885872e+02
6.012800386379355683e-02 1.556536637091598674e-01 2.921186973360885872e+02
6.028689468187657663e-02 1.580496116178146115e-01 2.921186973360885872e+02
6.044620537573210800e-02 1.606555674396426825e-01 2.921186973360885872e+02
6.060593705489979166e-02 1.631681001741360770e-01 2.921186973360885872e+02
6.076609083185129101e-02 1.657969881210324681e-01 2.921186973360885872e+02
6.092666782199807063e-02 1.687553561834274907e-01 2.921186973360885872e+02
6.108766914369900131e-02 1.724781876454052343e-01 2.921186973360885872e+02
6.124909591826839528e-02 1.758688873394600727e-01 2.921186973360885872e+02
6.141094926998359738e-02 1.796940392476072124e-01 2.921186973360885872e+02
6.157323032609293700e-02 1.839319761608883552e-01 2.921186973360885872e+02
6.173594021682354827e-02 1.929818793579636815e-01 2.921186973360885872e+02
6.189908007538923868e-02 1.922854926643645102e-01 2.921186973360885872e+02
6.206265103799835786e-02 1.976856325894188471e-01 2.921186973360885872e+02
6.222665424386176342e-02 2.031931455670342723e-01 2.921186973360885872e+02
6.239109083520069654e-02 2.099715354243159582e-01 2.921186973360885872e+02
6.255596195725481035e-02 2.154399964433692527e-01 2.921186973360885872e+02
6.272126875829006631e-02 2.221455262900238758e-01 2.921186973360885872e+02
6.288701238960676954e-02 2.276822464634850329e-01 2.921186973360885872e+02
6.305319400554762477e-02 2.386477276515972523e-01 2.921186973360885872e+02
6.321981476350566065e-02 2.453989442875721405e-01 2.921186973360885872e+02
6.338687582393244535e-02 2.596733568330307773e-01 2.921186973360885872e+02
6.355437835034603855e-02 2.642887748920518254e-01 2.921186973360885872e+02
6.372232350933916545e-02 2.750407952992370286e-01 2.921186973360885872e+02
6.389071247058736303e-02 2.867216626949776193e-01 2.921186973360885872e+02
6.405954640685697365e-02 2.976372773077612388e-01 2.921186973360885872e+02
6.422882649401354116e-02 3.121227529115860877e-01 2.921186973360885872e+02
6.439855391102983218e-02 3.261056785940258940e-01 2.921186973360885872e+02
6.456872983999407956e-02 3.439555313825222727e-01 2.921186973360885872e+02
6.473935546611830905e-02 3.631340583203516159e-01 2.921186973360885872e+02
6.491043197774640228e-02 3.800871526656528498e-01 2.921186973360885872e+02
6.508196056636263160e-02 3.976487424860238318e-01 2.921186973360885872e+02
6.525394242659970923e-02 4.199046159598107675e-01 2.921186973360885872e+02
6.542637875624722488e-02 4.391793769246420953e-01 2.921186973360885872e+02
6.559927075626005577e-02 4.650963386706154501e-01 2.921186973360885872e+02
6.577261963076658224e-02 5.690897196597424212e-01 2.921186973360885872e+02
6.594642658707715321e-02 5.291691728807300654e-01 2.921186973360885872e+02
6.612069283569252387e-02 5.694775329524722762e-01 2.921186973360885872e+02
6.629541959031219622e-02 6.080298103019193823e-01 2.921186973360885872e+02
6.647060806784296783e-02 6.524074797020128491e-01 2.921186973360885872e+02
6.664625948840735559e-02 7.009541092894956416e-01 2.921186973360885872e+02
6.682237507535206122e-02 8.046772027956977658e-01 2.921186973360885872e+02
6.699895605525664488e-02 8.197752709306380670e-01 2.921186973360885872e+02
6.717600365794179629e-02 8.894969250758297807e-01 2.921186973360885872e+02
6.735351911647817491e-02 8.118831413961704602e-01 2.921186973360885872e+02
6.753150366719487541e-02 1.083040756823811179e+00 2.921186973360885872e+02
6.770995854968794858e-02 1.151236546262029314e+00 2.921186973360885872e+02
6.788888500682929705e-02 1.269138069816607706e+00 2.921186973360885872e+02
6.806828428477496029e-02 1.408393924444228507e+00 2.921186973360885872e+02
6.824815763297417681e-02 1.581943482052771577e+00 2.921186973360885872e+02
6.842850630417783575e-02 1.715936771912392134e+00 2.921186973360885872e+02
6.860933155444723375e-02 1.864923110932378281e+00 2.921186973360885872e+02
6.879063464316295673e-02 2.120991697542257359e+00 2.921186973360885872e+02
6.897241683303347026e-02 2.461162563677584458e+00 2.921186973360885872e+02
6.915467939010404297e-02 2.779740788747416147e+00 2.921186973360885872e+02
6.933742358376553117e-02 3.119651539545255758e+00 2.921186973360885872e+02
6.952065068676316351e-02 3.577381770466119715e+00 2.921186973360885872e+02
6.970436197520551991e-02 4.069978054960769143e+00 2.921186973360885872e+02
6.988855872857330231e-02 4.846956007122907195e+00 2.921186973360885872e+02
7.007324222972829975e-02 5.364068602116204509e+00 2.921186973360885872e+02
7.025841376492233947e-02 5.859394056139815454e+00 2.921186973360885872e+02
7.044407462380619656e-02 6.372266023881933528e+00 2.921186973360885872e+02
7.063022609943864216e-02 6.789553455288420913e+00 2.921186973360885872e+02
7.081686948829538086e-02 7.206035651553294841e+00 2.921186973360885872e+02
7.100400609027809895e-02 7.304004297837689563e+00 2.921186973360885872e+02
7.119163720872358214e-02 7.288424699272328944e+00 2.921186973360885872e+02
7.137976415041263900e-02 6.912103387101533158e+00 2.921186973360885872e+02
7.156838822557942681e-02 6.652916228093757489e+00 2.921186973360885872e+02
7.175751074792037498e-02 6.204887297803844071e+00 2.921186973360885872e+02
7.194713303460338605e-02 5.618148655945689462e+00 2.921186973360885872e+02
7.213725640627716151e-02 5.323750700856822782e+00 2.921186973360885872e+02
7.232788218708011141e-02 4.466878413969340045e+00 2.921186973360885872e+02
7.251901170464984669e-02 4.316288599235567069e+00 2.921186973360885872e+02
7.271064629013228309e-02 3.517843887909099188e+00 2.921186973360885872e+02
7.290278727819095306e-02 3.164589700783396964e+00 2.921186973360885872e+02
7.309543600701630395e-02 2.833667553569572117e+00 2.921186973360885872e+02
7.328859381833495446e-02 2.542574742504521534e+00 2.921186973360885872e+02
7.348226205741917316e-02 2.305144000946954819e+00 2.921186973360885872e+02
7.367644207309612114e-02 2.093607690008984612e+00 2.921186973360885872e+02
7.387113521775728886e-02 1.878903393497864283e+00 2.921186973360885872e+02
7.406634284736797469e-02 1.717515310005373719e+00 2.921186973360885872e+02
7.426206632147655529e-02 1.564371949192314926e+00 2.921186973360885872e+02
7.445830700322420004e-02 1.443912551493483853e+00 2.921186973360885872e+02
7.465506625935415530e-02 1.323119143183112412e+00 2.921186973360885872e+02
7.485234546022138946e-02 1.232792865172538388e+00 2.921186973360885872e+02
7.505014597980209923e-02 1.139941846547080084e+00 2.921186973360885872e+02
7.524846919570318815e-02 1.060624342278245980e+00 2.921186973360885872e+02
7.544731648917206435e-02 9.972978883761418611e-01 2.921186973360885872e+02
7.564668924510604964e-02 9.284078100610594353e-01 2.921186973360885872e+02
7.584658885206214951e-02 8.763918345837337087e-01 2.921186973360885872e+02
7.604701670226671206e-02 6.295405606701505175e-01 2.921186973360885872e+02
7.624797419162505918e-02 7.667055250366469066e-01 2.921186973360885872e+02
7.644946271973127039e-02 7.259207021109204128e-01 2.921186973360885872e+02
7.665148368987796668e-02 6.866589545241623682e-01 2.921186973360885872e+02
7.685403850906588619e-02 6.505284798968140603e-01 2.921186973360885872e+02
7.705712858801401499e-02 6.199113077059773547e-01 2.921186973360885872e+02
7.726075534116906562e-02 5.887492041699549095e-01 2.921186973360885872e+02
7.746492018671556623e-02 5.609590177633326791e-01 2.921186973360885872e+02
7.766962454658565829e-02 5.358318396796937222e-01 2.921186973360885872e+02
7.787486984646896371e-02 5.130081920777039839e-01 2.921186973360885872e+02
7.808065751582256298e-02 4.900136898121144613e-01 2.921186973360885872e+02
7.828698898788097327e-02 4.702143888715044073e-01 2.921186973360885872e+02
7.849386569966604332e-02 4.524858252659626490e-01 2.921186973360885872e+02
7.870128909199705647e-02 4.341766259229417613e-01 2.921186973360885872e+02
7.890926060950065324e-02 4.145783184359042028e-01 2.921186973360885872e+02
7.911778170062107318e-02 4.018457648137075955e-01 2.921186973360885872e+02
7.932685381763003585e-02 3.913398249166882836e-01 2.921186973360885872e+02
7.953647841663698259e-02 3.756351529383316623e-01 2.921186973360885872e+02
7.974665695759919348e-02 3.644050797105119477e-01 2.921186973360885872e+02
7.995739090433195972e-02 3.516067909262938773e-01 2.921186973360885872e+02
8.016868172451872832e-02 3.408569949200070393e-01 2.921186973360885872e+02
8.038053088972138549e-02 3.305339300734740360e-01 2.921186973360885872e+02
8.059293987539047077e-02 3.207475128294051125e-01 2.921186973360885872e+02
8.080591016087551592e-02 3.114320639694684867e-01 2.921186973360885872e+02
8.101944322943520349e-02 3.027366050865985536e-01 2.921186973360885872e+02
8.123354056824787228e-02 2.945343525442276622e-01 2.921186973360885872e+02
8.144820366842178694e-02 2.868865190479036320e-01 2.921186973360885872e+02
8.166343402500544912e-02 2.795890393996602330e-01 2.921186973360885872e+02
8.187923313699820016e-02 2.725143124379686421e-01 2.921186973360885872e+02
8.209560250736046283e-02 2.659998890661795512e-01 2.921186973360885872e+02
8.231254364302433013e-02 2.596001520824403608e-01 2.921186973360885872e+02
8.253005805490408464e-02 3.625607816046538256e-01 2.921186973360885872e+02
8.274814725790652359e-02 2.480417668390791641e-01 2.921186973360885872e+02
8.296681277094181128e-02 2.426778779909225525e-01 2.921186973360885872e+02
8.318605611693380419e-02 2.365033285555571407e-01 2.921186973360885872e+02
8.340587882283070909e-02 2.326085218876960681e-01 2.921186973360885872e+02
8.362628241961592157e-02 2.279439745138933937e-01 2.921186973360885872e+02
8.384726844231832343e-02 2.234372186788850523e-01 2.921186973360885872e+02
8.406883843002334322e-02 2.192121057197332634e-01 2.921186973360885872e+02
8.429099392588339235e-02 2.151908105492601198e-01 2.921186973360885872e+02
8.451373647712878689e-02 2.112651147340686431e-01 2.921186973360885872e+02
8.473706763507848905e-02 2.053425214708208824e-01 2.921186973360885872e+02
8.496098895515083460e-02 2.040069096897061951e-01 2.921186973360885872e+02
8.518550199687439928e-02 2.006444931612580418e-01 2.921186973360885872e+02
8.541060832389896218e-02 1.974015878934807511e-01 2.921186973360885872e+02
8.563630950400623332e-02 1.951095815890989682e-01 2.921186973360885872e+02
8.586260710912091421e-02 1.913173243742918306e-01 2.921186973360885872e+02
8.608950271532157805e-02 1.885323383044262835e-01 2.921186973360885872e+02
8.631699790285156382e-02 1.857677926398950408e-01 2.921186973360885872e+02
8.654509425613023110e-02 1.830400270123052897e-01 2.921186973360885872e+02
8.677379336376365992e-02 1.805623327962174729e-01 2.921186973360885872e+02
8.700309681855601662e-02 1.782260193381744184e-01 2.921186973360885872e+02
8.723300621752047568e-02 1.730247994812101064e-01 2.921186973360885872e+02
8.746352316189037746e-02 1.738195202606069856e-01 2.921186973360885872e+02
8.769464925713041370e-02 1.717050058651360400e-01 2.921186973360885872e+02
8.792638611294778528e-02 1.696217725551729394e-01 2.921186973360885872e+02
8.815873534330338768e-02 1.677099087585926795e-01 2.921186973360885872e+02
8.839169856642307976e-02 1.656689992484620677e-01 2.921186973360885872e+02
8.862527740480898031e-02 1.640500503787268305e-01 2.921186973360885872e+02
8.885947348525070899e-02 1.624373891593834940e-01 2.921186973360885872e+02
8.909428843883675231e-02 1.608584939217494736e-01 2.921186973360885872e+02
8.932972390096584336e-02 1.592498368429767219e-01 2.921186973360885872e+02
8.956578151135832777e-02 1.583003788585617411e-01 2.921186973360885872e+02
8.980246291406748793e-02 1.563436242594181680e-01 2.921186973360885872e+02
9.003976975749122813e-02 1.548237919425813902e-01 2.921186973360885872e+02
9.027770369438331555e-02 1.547901344183661987e-01 2.921186973360885872e+02
9.051626638186505147e-02 1.524754830507061842e-01 2.921186973360885872e+02
9.075545948143669273e-02 1.513091542800759082e-01 2.921186973360885872e+02
9.099528465898908125e-02 1.509522107094812271e-01 2.921186973360885872e+02
9.123574358481534308e-02 1.491343533088584361e-01 2.921186973360885872e+02
9.147683793362233751e-02 1.481326375220623770e-01 2.921186973360885872e+02
9.171856938454239772e-02 1.471025447132965069e-01 2.921186973360885872e+02
9.196093962114507137e-02 1.462383156577471977e-01 2.921186973360885872e+02
9.220395033144884733e-02 1.453970503122966884e-01 2.921186973360885872e+02
9.244760320793279917e-02 1.446096056796464246e-01 2.921186973360885872e+02
9.269189994754847839e-02 1.438529588604834097e-01 2.921186973360885872e+02
9.293684225173172442e-02 1.431575837973373400e-01 2.921186973360885872e+02
9.318243182641444688e-02 1.424894829588608247e-01 2.921186973360885872e+02
9.342867038203662988e-02 1.420086570615672061e-01 2.921186973360885872e+02
9.367555963355808646e-02 1.375355665999833388e-01 2.921186973360885872e+02
9.392310130047054617e-02 1.419077191447752628e-01 2.921186973360885872e+02
9.417129710680953447e-02 1.402750511128290356e-01 2.921186973360885872e+02
9.442014878116637699e-02 1.399371228769764886e-01 2.921186973360885872e+02
9.466965805670037037e-02 1.395164938144969058e-01 2.921186973360885872e+02
9.491982667115071715e-02 2.327505080170017282e-01 2.921186973360885872e+02
9.517065636684865493e-02 1.388178386949345533e-01 2.921186973360885872e+02
9.542214889072954398e-02 1.385372625303277483e-01 2.921186973360885872e+02
9.567430599434527394e-02 1.378353617755363192e-01 2.921186973360885872e+02
9.592712943387611546e-02 1.372296303255999828e-01 2.921186973360885872e+02
9.618062097014319634e-02 1.380955614672545462e-01 2.921186973360885872e+02
9.643478236862065844e-02 1.379171321429912833e-01 2.921186973360885872e+02
9.668961539944799510e-02 1.378706222154632843e-01 2.921186973360885872e+02
9.694512183744240230e-02 1.381162606030434670e-01 2.921186973360885872e+02
9.720130346211107442e-02 1.378927427353601742e-01 2.921186973360885872e+02
9.745816205766361096e-02 1.379745678484549098e-01 2.921186973360885872e+02
9.771569941302450657e-02 1.382436362320656476e-01 2.921186973360885872e+02
9.797391732184550228e-02 1.382481515341238698e-01 2.921186973360885872e+02
9.823281758251825591e-02 1.384261564571679926e-01 2.921186973360885872e+02
9.849240199818659613e-02 1.393821415522568108e-01 2.921186973360885872e+02
9.875267237675937337e-02 1.385465714135006299e-01 2.921186973360885872e+02
9.901363053092282485e-02 1.393599225312816547e-01 2.921186973360885872e+02
9.927527827815332828e-02 1.398659956457001252e-01 2.921186973360885872e+02
9.953761744073004458e-02 1.401634241587420004e-01 2.921186973360885872e+02
9.980064984574751885e-02 1.408975248739030295e-01 2.921186973360885872e+02
1.000643773251285035e-01 1.412161300775203188e-01 2.921186973360885872e+02
1.003288017156366979e-01 1.418117725932865336e-01 2.921186973360885872e+02
1.005939248588895440e-01 1.426078724703094269e-01 2.921186973360885872e+02
1.008597486013709799e-01 1.431122688978354318e-01 2.921186973360885872e+02
1.011262747944444151e-01 1.439264722684389930e-01 2.921186973360885872e+02
1.013935052943654713e-01 1.447726819130670528e-01 2.921186973360885872e+02
1.016614419622951515e-01 1.457499468728636338e-01 2.921186973360885872e+02
1.019300866643125525e-01 1.464285705932003301e-01 2.921186973360885872e+02
1.021994412714279932e-01 1.473830103026151639e-01 2.921186973360885872e+02
1.024695076595959903e-01 1.484414151122119274e-01 2.921186973360885872e+02
1.027402877097283590e-01 1.492968426557289563e-01 2.921186973360885872e+02
1.030117833077073691e-01 1.507607777473595478e-01 2.921186973360885872e+02
1.032839963443987347e-01 1.518201660782376172e-01 2.921186973360885872e+02
1.035569287156649088e-01 1.530840970035847459e-01 2.921186973360885872e+02
1.038305823223781982e-01 1.545430407679389273e-01 2.921186973360885872e+02
1.041049590704340722e-01 1.558770289279144683e-01 2.921186973360885872e+02
1.043800608707644573e-01 1.574815526060861226e-01 2.921186973360885872e+02
1.046558896393509352e-01 1.578834941001538428e-01 2.921186973360885872e+02
1.049324472972381350e-01 1.606798188933460658e-01 2.921186973360885872e+02
1.052097357705471942e-01 1.624007496131579242e-01 2.921186973360885872e+02
1.054877569904890677e-01 1.641894713203602696e-01 2.921186973360885872e+02
1.057665128933780313e-01 1.661365187483782591e-01 2.921186973360885872e+02
1.060460054206451425e-01 1.682584200857724088e-01 2.921186973360885872e+02
1.063262365188517855e-01 1.699804107161093647e-01 2.921186973360885872e+02
1.066072081397031746e-01 1.724947212031858468e-01 2.921186973360885872e+02
1.068889222400620925e-01 1.748814095587941375e-01 2.921186973360885872e+02
1.071713807819622971e-01 1.771749547496965782e-01 2.921186973360885872e+02
1.074545857326223708e-01 1.796763201149554068e-01 2.921186973360885872e+02
1.077385390644593072e-01 1.823574626725083803e-01 2.921186973360885872e+02
1.080232427551023749e-01 1.851328619010844390e-01 2.921186973360885872e+02
1.083086987874067458e-01 1.879884806567499456e-01 2.921186973360885872e+02
1.085949091494673863e-01 1.909344799766709289e-01 2.921186973360885872e+02
1.088818758346328935e-01 1.942121815597920020e-01 2.921186973360885872e+02
1.091696008415193320e-01 1.975068507875602786e-01 2.921186973360885872e+02
1.094580861740243188e-01 2.009718323143579732e-01 2.921186973360885872e+02
1.097473338413407218e-01 2.048335567578050964e-01 2.921186973360885872e+02
1.100373458579708419e-01 2.080862573629692069e-01 2.921186973360885872e+02
1.103281242437403886e-01 2.123990344880112013e-01 2.921186973360885872e+02
1.106196710238124964e-01 2.171263563689139753e-01 2.921186973360885872e+02
1.109119882287020048e-01 2.209193263258455442e-01 2.921186973360885872e+02
1.112050778942893503e-01 2.255274663275030622e-01 2.921186973360885872e+02
1.114989420618349297e-01 2.303781430471175118e-01 2.921186973360885872e+02
1.117935827779932279e-01 2.353119647835517081e-01 2.921186973360885872e+02
1.120890020948271254e-01 2.404106159778970908e-01 2.921186973360885872e+02
1.123852020698221793e-01 2.459993266286384095e-01 2.921186973360885872e+02
1.126821847659008891e-01 2.519159287284396531e-01 2.921186973360885872e+02
1.129799522514371712e-01 2.581347682901694029e-01 2.921186973360885872e+02
1.132785066002706398e-01 2.643011395424876842e-01 2.921186973360885872e+02
1.135778498917212331e-01 2.706068479027906593e-01 2.921186973360885872e+02
1.138779842106034390e-01 2.780345007600837914e-01 2.921186973360885872e+02
1.141789116472410881e-01 2.853344491230865310e-01 2.921186973360885872e+02
1.144806342974816621e-01 2.934174277047885138e-01 2.921186973360885872e+02
1.147831542627111151e-01 3.012702946897762857e-01 2.921186973360885872e+02
1.150864736498683483e-01 3.015986153443954709e-01 2.921186973360885872e+02
1.153905945714599202e-01 3.189946388644577246e-01 2.921186973360885872e+02
1.156955191455748266e-01 3.285049335007463323e-01 2.921186973360885872e+02
1.160012494958991558e-01 3.378930550930333010e-01 2.921186973360885872e+02
1.163077877517309927e-01 3.491341778016749942e-01 2.921186973360885872e+02
1.166151360479951299e-01 3.603791718752017426e-01 2.921186973360885872e+02
1.169232965252579998e-01 3.720300528797333417e-01 2.921186973360885872e+02
1.172322713297425795e-01 3.826233835696752350e-01 2.921186973360885872e+02
1.175420626133432817e-01 3.975548769336311739e-01 2.921186973360885872e+02
1.178526725336411229e-01 4.118469570637965371e-01 2.921186973360885872e+02
1.181641032539185038e-01 4.265563985272543546e-01 2.921186973360885872e+02
1.184763569431744185e-01 4.422704978500583417e-01 2.921186973360885872e+02
1.187894357761394987e-01 4.592219571810110534e-01 2.921186973360885872e+02
1.191033419332913068e-01 4.773777374408191276e-01 2.921186973360885872e+02
1.194180776008693101e-01 4.955238222274373494e-01 2.921186973360885872e+02
1.197336449708902434e-01 5.160020038721021551e-01 2.921186973360885872e+02
1.200500462411633051e-01 5.372582906511821355e-01 2.921186973360885872e+02
1.203672836153055065e-01 5.602716857038499976e-01 2.921186973360885872e+02
1.206853593027571031e-01 5.847620448284974737e-01 2.921186973360885872e+02
1.210042755187967917e-01 6.094779806394250432e-01 2.921186973360885872e+02
1.213240344845572249e-01 6.384400943615146096e-01 2.921186973360885872e+02
1.216446384270405551e-01 6.681051217325628677e-01 2.921186973360885872e+02
1.219660895791338379e-01 7.009021610516871226e-01 2.921186973360885872e+02
1.222883901796246869e-01 7.350923557680304476e-01 2.921186973360885872e+02
1.226115424732167614e-01 7.721639079812971929e-01 2.921186973360885872e+02
1.229355487105454475e-01 8.121959464848177435e-01 2.921186973360885872e+02
1.232604111481934994e-01 8.559107565080099622e-01 2.921186973360885872e+02
1.235861320487068871e-01 9.010867371981263751e-01 2.921186973360885872e+02
1.239127136806103674e-01 9.535367294420260542e-01 2.921186973360885872e+02
1.242401583184234160e-01 1.008194331313281067e+00 2.921186973360885872e+02
1.245684682426759643e-01 1.068349236080030185e+00 2.921186973360885872e+02
1.248976457399244011e-01 1.133668420427440982e+00 2.921186973360885872e+02
1.252276931027674345e-01 1.215363289144058889e+00 2.921186973360885872e+02
1.255586126298620653e-01 1.278812691696502801e+00 2.921186973360885872e+02
1.258904066259395049e-01 1.368444337257897825e+00 2.921186973360885872e+02
1.262230774018214541e-01 1.462071434221847488e+00 2.921186973360885872e+02
1.265566272744359511e-01 1.566352258831514188e+00 2.921186973360885872e+02
1.268910585668336921e-01 1.687116123525164380e+00 2.921186973360885872e+02
1.272263736082040742e-01 1.805214490997827825e+00 2.921186973360885872e+02
1.275625747338914873e-01 1.949135561490273894e+00 2.921186973360885872e+02
1.278996642854115795e-01 2.109736642711371957e+00 2.921186973360885872e+02
1.282376446104676049e-01 2.276601479389977367e+00 2.921186973360885872e+02
1.285765180629666327e-01 2.483685632356883666e+00 2.921186973360885872e+02
1.289162870030360897e-01 2.706444901366537259e+00 2.921186973360885872e+02
1.292569537970400806e-01 2.962390523981265122e+00 2.921186973360885872e+02
1.295985208175960135e-01 3.257085591795459312e+00 2.921186973360885872e+02
1.299409904435910035e-01 3.573382560892156334e+00 2.921186973360885872e+02
1.302843650601984704e-01 3.950490279144826200e+00 2.921186973360885872e+02
1.306286470588947091e-01 4.355413039766367511e+00 2.921186973360885872e+02
1.309738388374756812e-01 4.857821572990072667e+00 2.921186973360885872e+02
1.313199428000735858e-01 5.437526497696704375e+00 2.921186973360885872e+02
1.316669613571736508e-01 6.116052972766437001e+00 2.921186973360885872e+02
1.320148969256308980e-01 6.933725459096689470e+00 2.921186973360885872e+02
1.323637519286869901e-01 7.834633290241457715e+00 2.921186973360885872e+02
1.327135287959871068e-01 8.757840407293791429e+00 2.921186973360885872e+02
1.330642299635969306e-01 1.010031636367220287e+01 2.921186973360885872e+02
1.334158578740194945e-01 1.154268872430159831e+01 2.921186973360885872e+02
1.337684149762122243e-01 1.321047347649122372e+01 2.921186973360885872e+02
1.341219037256040358e-01 1.517914539691133413e+01 2.921186973360885872e+02
1.344763265841125432e-01 1.726796906590490366e+01 2.921186973360885872e+02
1.348316860201609069e-01 1.976477672892898241e+01 2.921186973360885872e+02
1.351879845086952636e-01 2.173508363237267460e+01 2.921186973360885872e+02
1.355452245312019077e-01 2.363950505594095119e+01 2.921186973360885872e+02
1.359034085757246102e-01 2.498993080846637582e+01 2.921186973360885872e+02
1.362625391368818550e-01 2.574317930245492647e+01 2.921186973360885872e+02
1.366226187158842698e-01 2.575687362184781293e+01 2.921186973360885872e+02
1.369836498205520281e-01 2.475000646746639887e+01 2.921186973360885872e+02
1.373456349653323916e-01 2.348288083645907420e+01 2.921186973360885872e+02
1.377085766713169457e-01 2.175417943571357071e+01 2.921186973360885872e+02
1.380724774662596965e-01 2.004209833514179806e+01 2.921186973360885872e+02
1.384373398845941405e-01 1.731971187810104240e+01 2.921186973360885872e+02
1.388031664674511112e-01 1.539847257691486426e+01 2.921186973360885872e+02
1.391699597626765150e-01 1.536049857879035052e+01 2.921186973360885872e+02
1.395377223248491505e-01 1.201745863407579762e+01 2.921186973360885872e+02
1.399064567152982774e-01 1.067149659140000395e+01 2.921186973360885872e+02
1.402761655021216303e-01 9.518140581195421390e+00 2.921186973360885872e+02
1.406468512602032095e-01 8.511257269854489493e+00 2.921186973360885872e+02
1.410185165712312672e-01 7.596674213525299812e+00 2.921186973360885872e+02
1.413911640237164036e-01 6.829659339499069226e+00 2.921186973360885872e+02
1.417647962130093031e-01 6.279852996292669687e+00 2.921186973360885872e+02
1.421394157413189974e-01 5.600943732264965114e+00 2.921186973360885872e+02
1.425150252177311005e-01 5.122699069277299344e+00 2.921186973360885872e+02
1.428916272582256008e-01 4.682016256913853702e+00 2.921186973360885872e+02
1.432692244856956509e-01 4.308501613361469751e+00 2.921186973360885872e+02
1.436478195299652205e-01 3.899558244146669850e+00 2.921186973360885872e+02
1.440274150278078591e-01 3.653809191370926523e+00 2.921186973360885872e+02
1.444080136229647648e-01 3.381920412243792473e+00 2.921186973360885872e+02
1.447896179661635752e-01 3.144263682343076294e+00 2.921186973360885872e+02
1.451722307151364078e-01 2.939926542819972788e+00 2.921186973360885872e+02
1.455558545346385124e-01 2.745669969575927016e+00 2.921186973360885872e+02
1.459404920964670060e-01 2.575463382182925809e+00 2.921186973360885872e+02
1.463261460794792190e-01 2.416541978673012014e+00 2.921186973360885872e+02
1.467128191696116246e-01 2.279825707095890497e+00 2.921186973360885872e+02
1.471005140598982408e-01 2.148791166407400421e+00 2.921186973360885872e+02
1.474892334504896707e-01 2.025709356781156156e+00 2.921186973360885872e+02
1.478789800486716433e-01 1.921810910011367612e+00 2.921186973360885872e+02
1.482697565688841368e-01 1.824356640325357271e+00 2.921186973360885872e+02
1.486615657327401419e-01 1.734165225594356485e+00 2.921186973360885872e+02
1.490544102690445072e-01 1.650766238779770134e+00 2.921186973360885872e+02
1.494482929138132021e-01 1.573338894374128438e+00 2.921186973360885872e+02
1.498432164102921071e-01 1.458963601750540073e+00 2.921186973360885872e+02
1.502391835089763872e-01 1.438195182690628071e+00 2.921186973360885872e+02
1.506361969676294488e-01 1.374481725142852717e+00 2.921186973360885872e+02
1.510342595513021191e-01 1.674496025425577406e+00 2.921186973360885872e+02
1.514333740323521305e-01 1.264383673637348826e+00 2.921186973360885872e+02
1.518335431904631883e-01 1.214308541196571278e+00 2.921186973360885872e+02
1.522347698126645110e-01 1.167863813921493410e+00 2.921186973360885872e+02
1.526370566933500927e-01 1.124417016002614345e+00 2.921186973360885872e+02
1.530404066342982705e-01 1.083449355681893156e+00 2.921186973360885872e+02
1.534448224446911258e-01 1.053507724550760916e+00 2.921186973360885872e+02
1.538503069411343294e-01 1.004476098180751675e+00 2.921186973360885872e+02
1.542568629476762654e-01 9.750827216532145236e-01 2.921186973360885872e+02
1.546644932958282093e-01 9.429270173989013903e-01 2.921186973360885872e+02
1.550732008245836735e-01 9.129852342620010663e-01 2.921186973360885872e+02
1.554829883804384472e-01 8.843231545258547488e-01 2.921186973360885872e+02
1.558938588174103024e-01 8.572836708885445134e-01 2.921186973360885872e+02
1.563058149970588118e-01 8.319099235429008310e-01 2.921186973360885872e+02
1.567188597885053603e-01 8.078012918643512341e-01 2.921186973360885872e+02
1.571329960684531013e-01 7.845542877890441247e-01 2.921186973360885872e+02
1.575482267212070520e-01 7.625075122183765375e-01 2.921186973360885872e+02
1.579645546386940491e-01 7.416798247398611599e-01 2.921186973360885872e+02
1.583819827204830111e-01 7.218918439655590547e-01 2.921186973360885872e+02
1.588005138738051436e-01 7.028179832428336216e-01 2.921186973360885872e+02
1.592201510135740072e-01 6.850439454069865430e-01 2.921186973360885872e+02
1.596408970624060564e-01 6.683816887031452936e-01 2.921186973360885872e+02
1.600627549506409009e-01 6.516141459171651551e-01 2.921186973360885872e+02
1.604857276163615398e-01 6.356801267340304040e-01 2.921186973360885872e+02
1.609098180054151783e-01 6.197085208283629187e-01 2.921186973360885872e+02
1.613350290714334057e-01 6.068488438908875571e-01 2.921186973360885872e+02
1.617613637758529566e-01 5.944720505065229643e-01 2.921186973360885872e+02
1.621888250879363613e-01 5.796984072546672584e-01 2.921186973360885872e+02
1.626174159847924294e-01 5.671620065345446271e-01 2.921186973360885872e+02
1.630471394513971217e-01 5.543157027191218944e-01 2.921186973360885872e+02
1.634779984806144781e-01 5.435674751275577643e-01 2.921186973360885872e+02
1.639099960732171291e-01 5.318507080684108379e-01 2.921186973360885872e+02
1.643431352379074450e-01 5.215430256528793551e-01 2.921186973360885872e+02
1.647774189913384646e-01 5.102100159746063568e-01 2.921186973360885872e+02
1.652128503581347108e-01 5.013404813552251316e-01 2.921186973360885872e+02
1.656494323709136185e-01 4.919621670773713373e-01 2.921186973360885872e+02
1.660871680703063236e-01 4.827465535137991370e-01 2.921186973360885872e+02
1.665260605049789511e-01 4.739346428114429299e-01 2.921186973360885872e+02
1.669661127316538207e-01 4.660442597702267320e-01 2.921186973360885872e+02
1.674073278151309296e-01 4.573651805462689013e-01 2.921186973360885872e+02
1.678497088283090466e-01 4.488137833081806694e-01 2.921186973360885872e+02
1.682932588522071116e-01 4.414419100297911625e-01 2.921186973360885872e+02
1.687379809759859128e-01 4.340373387264931382e-01 2.921186973360885872e+02
1.691838782969694033e-01 4.269697998132548356e-01 2.921186973360885872e+02
1.696309539206664885e-01 4.208406826003793233e-01 2.921186973360885872e+02
1.700792109607923430e-01 4.126346177955290129e-01 2.921186973360885872e+02
1.705286525392903374e-01 4.068109535258301879e-01 2.921186973360885872e+02
1.709792817863537151e-01 3.999903895215233818e-01 2.921186973360885872e+02
1.714311018404473252e-01 3.945818506586965535e-01 2.921186973360885872e+02
1.718841158483297160e-01 3.887814438764691793e-01 2.921186973360885872e+02
1.723383269650747007e-01 3.826748465337667660e-01 2.921186973360885872e+02
1.727937383540935623e-01 3.771539634107510808e-01 2.921186973360885872e+02
1.732503531871570357e-01 3.718324720273736284e-01 2.921186973360885872e+02
1.737081746444174291e-01 3.666290940897611317e-01 2.921186973360885872e+02
1.741672059144307450e-01 3.615530282562521847e-01 2.921186973360885872e+02
1.746274501941788015e-01 3.553409303679073150e-01 2.921186973360885872e+02
1.750889106890916314e-01 3.517406205477687231e-01 2.921186973360885872e+02
1.755515906130697135e-01 3.472848125309311307e-01 2.921186973360885872e+02
1.760154931885065388e-01 3.426909970370792813e-01 2.921186973360885872e+02
1.764806216463107313e-01 3.383326130757031702e-01 2.921186973360885872e+02
1.769469792259287799e-01 3.340478812876139236e-01 2.921186973360885872e+02
1.774145691753676313e-01 3.299514852980812152e-01 2.921186973360885872e+02
1.778833947512170610e-01 3.258782974072484406e-01 2.921186973360885872e+02
1.783534592186727663e-01 3.220035220263373632e-01 2.921186973360885872e+02
1.788247658515586258e-01 3.181466397355609543e-01 2.921186973360885872e+02
1.792973179323499033e-01 3.141506832047065711e-01 2.921186973360885872e+02
1.797711187521958132e-01 3.107607188481613103e-01 2.921186973360885872e+02
1.802461716109426682e-01 3.071983418204727312e-01 2.921186973360885872e+02
1.807224798171567781e-01 3.037456892013171150e-01 2.921186973360885872e+02
1.812000466881473482e-01 3.003182337623540032e-01 2.921186973360885872e+02
1.816788755499899044e-01 2.971144424609963308e-01 2.921186973360885872e+02
1.821589697375490258e-01 2.935180527751247714e-01 2.921186973360885872e+02
1.826403325945021305e-01 2.905855947829931729e-01 2.921186973360885872e+02
1.831229674733621526e-01 2.881183495001954364e-01 2.921186973360885872e+02
1.836068777355013282e-01 2.847695140495775101e-01 2.921186973360885872e+02
1.840920667511744546e-01 2.818705753411244741e-01 2.921186973360885872e+02
1.845785378995423720e-01 2.787915559750213657e-01 2.921186973360885872e+02
1.850662945686954719e-01 2.763467542126936127e-01 2.921186973360885872e+02
1.855553401556773174e-01 2.737189982386400433e-01 2.921186973360885872e+02
1.860456780665083465e-01 2.709053277097422940e-01 2.921186973360885872e+02
1.865373117162094085e-01 2.685026847919528281e-01 2.921186973360885872e+02
1.870302445288259396e-01 2.657331945195509082e-01 2.921186973360885872e+02
1.875244799374514160e-01 2.631570777602851297e-01 2.921186973360885872e+02
1.880200213842513346e-01 2.607836828619716774e-01 2.921186973360885872e+02
1.885168723204874441e-01 2.587778259676144499e-01 2.921186973360885872e+02
1.890150362065413925e-01 2.554590003463091397e-01 2.921186973360885872e+02
1.895145165119392350e-01 2.538033931702438073e-01 2.921186973360885872e+02
1.900153167153753042e-01 2.520390127077152265e-01 2.921186973360885872e+02
1.905174403047365239e-01 2.498276353080030598e-01 2.921186973360885872e+02
1.910208907771266673e-01 2.475244030265225104e-01 2.921186973360885872e+02
1.915256716388908653e-01 2.456409746108746683e-01 2.921186973360885872e+02
1.920317864056398649e-01 2.433944072300304462e-01 2.921186973360885872e+02
1.925392386022745095e-01 2.412858245232293031e-01 2.921186973360885872e+02
1.930480317630103859e-01 2.395790515009407207e-01 2.921186973360885872e+02
1.935581694314023882e-01 2.376566363794581638e-01 2.921186973360885872e+02
1.940696551603695030e-01 2.356700546589461376e-01 2.921186973360885872e+02
1.945824925122193183e-01 2.338589128832493924e-01 2.921186973360885872e+02
1.950966850586730306e-01 2.318954465765320494e-01 2.921186973360885872e+02
1.956122363808901754e-01 2.301694239268989306e-01 2.921186973360885872e+02
1.961291500694939127e-01 2.286784858556752953e-01 2.921186973360885872e+02
1.966474297245954517e-01 2.269176674267483762e-01 2.921186973360885872e+02
1.971670789558196690e-01 2.249132751763909532e-01 2.921186973360885872e+02
1.976881013823299504e-01 2.236670901886384233e-01 2.921186973360885872e+02
1.982105006328533925e-01 2.218569470602026472e-01 2.921186973360885872e+02
1.987342803457063656e-01 2.208411461630954420e-01 2.921186973360885872e+02
1.992594441688195495e-01 2.188209315201054828e-01 2.921186973360885872e+02
1.997859957597633018e-01 2.173815291324699417e-01 2.921186973360885872e+02
2.003139387857734710e-01 2.159007572933142605e-01 2.921186973360885872e+02
2.008432769237765703e-01 2.144430299008266982e-01 2.921186973360885872e+02
2.013740138604157015e-01 2.130123853106531684e-01 2.921186973360885872e+02
2.019061532920759794e-01 2.117018309048659397e-01 2.921186973360885872e+02
2.024396989249103440e-01 2.098116069032036068e-01 2.921186973360885872e+02
2.029746544748654846e-01 2.089233038564749512e-01 2.921186973360885872e+02
2.035110236677076245e-01 2.082029460795993270e-01 2.921186973360885872e+02
2.040488102390484448e-01 2.065309970583889820e-01 2.921186973360885872e+02
2.045880179343711747e-01 2.049096361574101466e-01 2.921186973360885872e+02
2.051286505090566259e-01 2.035653789130335567e-01 2.921186973360885872e+02
2.056707117284092556e-01 2.030707904219851145e-01 2.921186973360885872e+02
2.062142053676838116e-01 2.004466112335481776e-01 2.921186973360885872e+02
2.067591352121109782e-01 1.999971429869624173e-01 2.921186973360885872e+02
2.073055050569242719e-01 1.987363586546792571e-01 2.921186973360885872e+02
2.078533187073861310e-01 1.977232988274111591e-01 2.921186973360885872e+02
2.084025799788146727e-01 1.964752706581119890e-01 2.921186973360885872e+02
2.089532926966101989e-01 1.953644400849660068e-01 2.921186973360885872e+02
2.095054606962816479e-01 1.940300469257598137e-01 2.921186973360885872e+02
2.100590878234735170e-01 1.943580868786223270e-01 2.921186973360885872e+02
2.106141779339925912e-01 1.920898351274376026e-01 2.921186973360885872e+02
2.111707348938348661e-01 1.910768256884225746e-01 2.921186973360885872e+02
2.117287625792122763e-01 1.900582299432372058e-01 2.921186973360885872e+02
2.122882648765798685e-01 1.890436104934581363e-01 2.921186973360885872e+02
2.128492456826627799e-01 1.880726356237547858e-01 2.921186973360885872e+02
2.134117089044833826e-01 1.870314883905740411e-01 2.921186973360885872e+02
2.139756584593887068e-01 1.860387994465545758e-01 2.921186973360885872e+02
2.145410982750773077e-01 1.850958557363327761e-01 2.921186973360885872e+02
2.151080322896270214e-01 1.841766974995351080e-01 2.921186973360885872e+02
2.156764644515219986e-01 1.832592010841397334e-01 2.921186973360885872e+02
2.162463987196807658e-01 1.823349664129014780e-01 2.921186973360885872e+02
2.168178390634832031e-01 1.814507273941320942e-01 2.921186973360885872e+02
2.173907894627984949e-01 1.804926151133161016e-01 2.921186973360885872e+02
2.179652539080128570e-01 1.796567388532725462e-01 2.921186973360885872e+02
2.185412364000571539e-01 1.788808470538728046e-01 2.921186973360885872e+02
2.191187409504350703e-01 1.768918082572023265e-01 2.921186973360885872e+02
2.196977715812507559e-01 1.771316140516482618e-01 2.921186973360885872e+02
2.202783323252368586e-01 1.762903129939017155e-01 2.921186973360885872e+02
2.208604272257828627e-01 1.755415986317333810e-01 2.921186973360885872e+02
2.214440603369628446e-01 1.746804299990729059e-01 2.921186973360885872e+02
2.220292357235642833e-01 1.738858191476842230e-01 2.921186973360885872e+02
2.226159574611157876e-01 1.731584824378490650e-01 2.921186973360885872e+02
2.232042296359157407e-01 1.724986845102833288e-01 2.921186973360885872e+02
2.237940563450607767e-01 1.716392523557332128e-01 2.921186973360885872e+02
2.243854416964743692e-01 1.708538784524436527e-01 2.921186973360885872e+02
2.249783898089352252e-01 1.701422464261239942e-01 2.921186973360885872e+02
2.255729048121061786e-01 1.693917289214299515e-01 2.921186973360885872e+02
2.261689908465628063e-01 1.686891630605596992e-01 2.921186973360885872e+02
2.267666520638223215e-01 1.679913148994593708e-01 2.921186973360885872e+02
2.273658926263727176e-01 1.672942840314953772e-01 2.921186973360885872e+02
2.279667167077012724e-01 1.657627424804943850e-01 2.921186973360885872e+02
2.285691284923239974e-01 1.658920272625322712e-01 2.921186973360885872e+02
2.291731321758145590e-01 1.652891653027457053e-01 2.921186973360885872e+02
2.297787319648339210e-01 1.646135698819827242e-01 2.921186973360885872e+02
2.303859320771589336e-01 1.639154053041019798e-01 2.921186973360885872e+02
2.309947367417123087e-01 1.633582464904902443e-01 2.921186973360885872e+02
2.316051501985918748e-01 1.626785597467469979e-01 2.921186973360885872e+02
2.322171766990999697e-01 1.620426827811927706e-01 2.921186973360885872e+02
2.328308205057733893e-01 1.614624258760567754e-01 2.921186973360885872e+02
2.334460858924126969e-01 1.608546379755154687e-01 2.921186973360885872e+02
2.340629771441121443e-01 1.602425023233309542e-01 2.921186973360885872e+02
2.346814985572897028e-01 1.596133792334142876e-01 2.921186973360885872e+02
2.353016544397165677e-01 1.591016031480939064e-01 2.921186973360885872e+02
2.359234491105476339e-01 1.585039890458447565e-01 2.921186973360885872e+02
2.365468869003512775e-01 1.578818611408858430e-01 2.921186973360885872e+02
2.371719721511394152e-01 1.577604455754564594e-01 2.921186973360885872e+02
2.377987092163981186e-01 1.568104315010566963e-01 2.921186973360885872e+02
2.384271024611177570e-01 1.562384198812957758e-01 2.921186973360885872e+02
2.390571562618231671e-01 1.556596780309648653e-01 2.921186973360885872e+02
2.396888750066045182e-01 1.551814199365720570e-01 2.921186973360885872e+02
2.403222630951476479e-01 1.546595044037363254e-01 2.921186973360885872e+02
2.409573249387646499e-01 1.541354700319550741e-01 2.921186973360885872e+02
2.415940649604249035e-01 1.535622092798210048e-01 2.921186973360885872e+02
2.422324875947854950e-01 1.531052882742773014e-01 2.921186973360885872e+02
2.428725972882223583e-01 1.525977324447539141e-01 2.921186973360885872e+02
2.435143984988610844e-01 1.530270285066152314e-01 2.921186973360885872e+02
2.441578956966082570e-01 1.517686769659014889e-01 2.921186973360885872e+02
2.448030933631821504e-01 1.511308593606273953e-01 2.921186973360885872e+02
2.454499959921442875e-01 1.506432750686713951e-01 2.921186973360885872e+02
2.460986080889305538e-01 1.501768977321960852e-01 2.921186973360885872e+02
2.467489341708827000e-01 1.497879242103641872e-01 2.921186973360885872e+02
2.474009787672797334e-01 1.481237764961744474e-01 2.921186973360885872e+02
2.480547464193695040e-01 1.550333153204994652e-01 2.921186973360885872e+02
2.487102416804002070e-01 1.483354525284719949e-01 2.921186973360885872e+02
2.493674691156523016e-01 1.480308841429230637e-01 2.921186973360885872e+02
2.500264333024700414e-01 1.474613545467760578e-01 2.921186973360885872e+02
2.506871388302936987e-01 1.472816986262344974e-01 2.921186973360885872e+02
2.513495903006912613e-01 1.465767871125259192e-01 2.921186973360885872e+02
2.520137923273905178e-01 1.461565424300808602e-01 2.921186973360885872e+02
2.526797495363111712e-01 1.457077639009310976e-01 2.921186973360885872e+02
2.533474665655973679e-01 1.453367247247795424e-01 2.921186973360885872e+02
2.540169480656495060e-01 1.448772140540343645e-01 2.921186973360885872e+02
2.546881986991568758e-01 1.445237093358281988e-01 2.921186973360885872e+02
2.553612231411302447e-01 1.440985078052064716e-01 2.921186973360885872e+02
2.560360260789341647e-01 1.440226473608468005e-01 2.921186973360885872e+02
2.567126122123199461e-01 1.433196452905645124e-01 2.921186973360885872e+02
2.573909862534580761e-01 1.429869339689429364e-01 2.921186973360885872e+02
2.580711529269710258e-01 1.425896202946407565e-01 2.921186973360885872e+02
2.587531169699664457e-01 1.424011707005095051e-01 2.921186973360885872e+02
2.594368831320699731e-01 1.418726965987694710e-01 2.921186973360885872e+02
2.601224561754583164e-01 1.414453123595270922e-01 2.921186973360885872e+02
2.608098408748923958e-01 1.410378866559578726e-01 2.921186973360885872e+02
2.614990420177507047e-01 1.407094110049563196e-01 2.921186973360885872e+02
2.621900644040625616e-01 1.403222689556649361e-01 2.921186973360885872e+02
2.628829128465416387e-01 1.398542571210902863e-01 2.921186973360885872e+02
2.635775921706192682e-01 1.396020527666228805e-01 2.921186973360885872e+02
2.642741072144783043e-01 1.392792998480595346e-01 2.921186973360885872e+02
2.649724628290866524e-01 1.389012247746364559e-01 2.921186973360885872e+02
2.656726638782310190e-01 1.385644074080788213e-01 2.921186973360885872e+02
2.663747152385511630e-01 1.382159254401859327e-01 2.921186973360885872e+02
2.670786217995733125e-01 1.379030588960690473e-01 2.921186973360885872e+02
2.677843884637444716e-01 1.376668092829035350e-01 2.921186973360885872e+02
2.684920201464667255e-01 1.371656590273403753e-01 2.921186973360885872e+02
2.692015217761313250e-01 1.369546651515675117e-01 2.921186973360885872e+02
2.699128982941527699e-01 1.365205772069096324e-01 2.921186973360885872e+02
2.706261546550036701e-01 1.362715739788767089e-01 2.921186973360885872e+02
2.713412958262490515e-01 1.360126479703877012e-01 2.921186973360885872e+02
2.720583267885807732e-01 1.357409441892726831e-01 2.921186973360885872e+02
2.727772525358525546e-01 1.353941213872162375e-01 2.921186973360885872e+02
2.734980780751144480e-01 1.350524120491124469e-01 2.921186973360885872e+02
2.742208084266480328e-01 1.347883793447364753e-01 2.921186973360885872e+02
2.749454486240009987e-01 1.344458543655124572e-01 2.921186973360885872e+02
2.756720037140225621e-01 1.339818224686833426e-01 2.921186973360885872e+02
2.764004787568982713e-01 1.339942172122617348e-01 2.921186973360885872e+02
2.771308788261855338e-01 1.335729551707864615e-01 2.921186973360885872e+02
2.778632090088490880e-01 1.333322036264576738e-01 2.921186973360885872e+02
2.785974744052956420e-01 1.329610630884991151e-01 2.921186973360885872e+02
2.793336801294106220e-01 1.327196452042719854e-01 2.921186973360885872e+02
2.800718313085923672e-01 1.324388594681209508e-01 2.921186973360885872e+02
2.808119330837890448e-01 1.321664385090011440e-01 2.921186973360885872e+02
2.815539906095343436e-01 1.319030944645060988e-01 2.921186973360885872e+02
2.822980090539820575e-01 1.316356018328456445e-01 2.921186973360885872e+02
2.830439935989439992e-01 1.313457508802297613e-01 2.921186973360885872e+02
2.837919494399244735e-01 1.310916833045006891e-01 2.921186973360885872e+02
2.845418817861575245e-01 1.308378416544307699e-01 2.921186973360885872e+02
2.852937958606427959e-01 1.305536469692817891e-01 2.921186973360885872e+02
2.860476969001816139e-01 1.302694921935996508e-01 2.921186973360885872e+02
2.868035901554142342e-01 1.257197391120136731e-01 2.921186973360885872e+02
2.875614808908554254e-01 1.297237338407096208e-01 2.921186973360885872e+02
2.883213743849319943e-01 1.295565617212459941e-01 2.921186973360885872e+02
2.890832759300195343e-01 1.292355109629636789e-01 2.921186973360885872e+02
2.898471908324780633e-01 1.290758204846964574e-01 2.921186973360885872e+02
2.906131244126907709e-01 1.287621315008924405e-01 2.921186973360885872e+02
2.913810820050998784e-01 1.286559362967590048e-01 2.921186973360885872e+02
2.921510689582437759e-01 1.280557565549038102e-01 2.921186973360885872e+02
2.929230906347951024e-01 1.282811341601712285e-01 2.921186973360885872e+02
2.936971524115971621e-01 1.278748660873642307e-01 2.921186973360885872e+02
2.944732596797021151e-01 1.276485760358664345e-01 2.921186973360885872e+02
2.952514178444081705e-01 1.274142917509276662e-01 2.921186973360885872e+02
2.960316323252969450e-01 1.271886224448707248e-01 2.921186973360885872e+02
2.968139085562720991e-01 1.269633766059087288e-01 2.921186973360885872e+02
2.975982519855959740e-01 1.267372280005678864e-01 2.921186973360885872e+02
2.983846680759285608e-01 1.264753240642942367e-01 2.921186973360885872e+02
2.991731623043653032e-01 1.263381418415324142e-01 2.921186973360885872e+02
2.999637401624745126e-01 1.261874119841136788e-01 2.921186973360885872e+02
3.007564071563370023e-01 1.258698839344185028e-01 2.921186973360885872e+02
3.015511688065829476e-01 1.256639857400669025e-01 2.921186973360885872e+02
3.023480306484312985e-01 1.255065539210930559e-01 2.921186973360885872e+02
3.031469982317283041e-01 1.252559179877709428e-01 2.921186973360885872e+02
3.039480771209853160e-01 1.250233563766961764e-01 2.921186973360885872e+02
3.047512728954188677e-01 1.248587009939163134e-01 2.921186973360885872e+02
3.055565911489880881e-01 1.246216512188347558e-01 2.921186973360885872e+02
3.063640374904349484e-01 1.244399735585114269e-01 2.921186973360885872e+02
3.071736175433226190e-01 1.242280560810392481e-01 2.921186973360885872e+02
3.079853369460744950e-01 1.240231428280257203e-01 2.921186973360885872e+02
3.087992013520139967e-01 1.238248850911754795e-01 2.921186973360885872e+02
3.096152164294038722e-01 1.236686986729100268e-01 2.921186973360885872e+02
3.104333878614849995e-01 1.233761094205593906e-01 2.921186973360885872e+02
3.112537213465169650e-01 1.232501540742569762e-01 2.921186973360885872e+02
3.120762225978168658e-01 1.231613957142038002e-01 2.921186973360885872e+02
3.129008973437996666e-01 1.227747174974952726e-01 2.921186973360885872e+02
3.137277513280180008e-01 1.226811258396233589e-01 2.921186973360885872e+02
3.145567903092018058e-01 1.224822616396877284e-01 2.921186973360885872e+02
3.153880200612991236e-01 1.223452025707352647e-01 2.921186973360885872e+02
3.162214463735152914e-01 1.221644434100214588e-01 2.921186973360885872e+02
3.170570750503545199e-01 1.219037926500079472e-01 2.921186973360885872e+02
3.178949119116594169e-01 1.217777468551635711e-01 2.921186973360885872e+02
3.187349627926513995e-01 1.216101858244860445e-01 2.921186973360885872e+02
3.195772335439724943e-01 1.213942572053847285e-01 2.921186973360885872e+02
3.204217300317244166e-01 1.215403123558168597e-01 2.921186973360885872e+02
3.212684581375109816e-01 1.210401935936983447e-01 2.921186973360885872e+02
3.221174237584782940e-01 1.209087847520778913e-01 2.921186973360885872e+02
3.229686328073554380e-01 1.206676728666962461e-01 2.921186973360885872e+02
3.238220912124967210e-01 1.206933184562410805e-01 2.921186973360885872e+02
3.246778049179219749e-01 1.204133676650752244e-01 2.921186973360885872e+02
3.255357798833584670e-01 1.202552293240962411e-01 2.921186973360885872e+02
3.263960220842827553e-01 1.198169335037250344e-01 2.921186973360885872e+02
3.272585375119608231e-01 1.199253279622794210e-01 2.921186973360885872e+02
3.281233321734919328e-01 1.197594647434951920e-01 2.921186973360885872e+02
3.289904120918488162e-01 1.196027209893888027e-01 2.921186973360885872e+02
3.298597833059200291e-01 1.193572145424436487e-01 2.921186973360885872e+02
3.307314518705525841e-01 1.192343824044583139e-01 2.921186973360885872e+02
3.316054238565931955e-01 1.191189859580707583e-01 2.921186973360885872e+02
3.324817053509314668e-01 1.191622555974842651e-01 2.921186973360885872e+02
3.333603024565418016e-01 1.188714181725570446e-01 2.921186973360885872e+02
3.342412212925255921e-01 1.185903186672642856e-01 2.921186973360885872e+02
3.351244679941548510e-01 1.186338458528531370e-01 2.921186973360885872e+02
3.360100487129135671e-01 1.186977585172758476e-01 2.921186973360885872e+02
3.368979696165419480e-01 1.182755131022904665e-01 2.921186973360885872e+02
3.377882368890785525e-01 1.180852912147343364e-01 2.921186973360885872e+02
3.386808567309031459e-01 1.179475137400303464e-01 2.921186973360885872e+02
3.395758353587808309e-01 1.177995060314188658e-01 2.921186973360885872e+02
3.404731790059041252e-01 1.175170613779161349e-01 2.921186973360885872e+02
3.413728939219375369e-01 1.175492959716048502e-01 2.921186973360885872e+02
3.422749863730607522e-01 1.173134568544980522e-01 2.921186973360885872e+02
3.431794626420113237e-01 1.173412369511604436e-01 2.921186973360885872e+02
3.440863290281300779e-01 1.171315418347218529e-01 2.921186973360885872e+02
3.449955918474032490e-01 1.170886810272007417e-01 2.921186973360885872e+02
3.459072574325080529e-01 1.170525302363095849e-01 2.921186973360885872e+02
3.468213321328559307e-01 1.166701625245740170e-01 2.921186973360885872e+02
3.477378223146365688e-01 1.163352143193147337e-01 2.921186973360885872e+02
3.486567343608629743e-01 1.163500385952910415e-01 2.921186973360885872e+02
3.495780746714151621e-01 1.163063523307221736e-01 2.921186973360885872e+02
3.505018496630854519e-01 1.161585078725987930e-01 2.921186973360885872e+02
3.514280657696228771e-01 1.165770583421896212e-01 2.921186973360885872e+02
3.523567294417773166e-01 1.156542974525365253e-01 2.921186973360885872e+02
3.532878471473457349e-01 1.153466873880685806e-01 2.921186973360885872e+02
3.542214253712162586e-01 1.156270728966739131e-01 2.921186973360885872e+02
3.551574706154132510e-01 1.155412525636489163e-01 2.921186973360885872e+02
3.560959893991437752e-01 1.154086674826889924e-01 2.921186973360885872e+02
3.570369882588411148e-01 1.152763977013726293e-01 2.921186973360885872e+02
3.579804737482123467e-01 1.145451430212267724e-01 2.921186973360885872e+02
3.589264524382825838e-01 1.150504482525069455e-01 2.921186973360885872e+02
3.598749309174408828e-01 1.153358456398191484e-01 2.921186973360885872e+02
3.608259157914869841e-01 1.148509443552232778e-01 2.921186973360885872e+02
3.617794136836761099e-01 1.146747876801699761e-01 2.921186973360885872e+02
3.627354312347660370e-01 1.144277024828537770e-01 2.921186973360885872e+02
3.636939751030634493e-01 1.144429666645921800e-01 2.921186973360885872e+02
3.646550519644689015e-01 1.143310261812444939e-01 2.921186973360885872e+02
3.656186685125253355e-01 1.135254095104323152e-01 2.921186973360885872e+02
3.665848314584627121e-01 1.141038908046350664e-01 2.921186973360885872e+02
3.675535475312464717e-01 1.139193592565638652e-01 2.921186973360885872e+02
3.685248234776234422e-01 1.138724904434548491e-01 2.921186973360885872e+02
3.694986660621686347e-01 1.137605092096449916e-01 2.921186973360885872e+02
3.704750820673333722e-01 1.136520744900499647e-01 2.921186973360885872e+02
3.714540782934910856e-01 1.135517167849262460e-01 2.921186973360885872e+02
3.724356615589862196e-01 1.134368232509761071e-01 2.921186973360885872e+02
3.734198387001808617e-01 1.133265561743524302e-01 2.921186973360885872e+02
3.744066165715019823e-01 1.131916648311705742e-01 2.921186973360885872e+02
3.753960020454901181e-01 1.131158058236074598e-01 2.921186973360885872e+02
3.763880020128469450e-01 1.130080503419248206e-01 2.921186973360885872e+02
3.773826233824824072e-01 1.129026966066399712e-01 2.921186973360885872e+02
3.783798730815644551e-01 1.128001310788994127e-01 2.921186973360885872e+02
3.793797580555653415e-01 1.127056017336739574e-01 2.921186973360885872e+02
3.803822852683119704e-01 1.126616692571082434e-01 2.921186973360885872e+02
3.813874617020331925e-01 1.127528684599263670e-01 2.921186973360885872e+02
3.823952943574080998e-01 1.124795597020286364e-01 2.921186973360885872e+02
3.834057902536162077e-01 1.123003349308069332e-01 2.921186973360885872e+02
