2.738612787525830303e-02 2.793645295336740775e-01 4.564354645876384176e+00
2.745849688774178524e-02 2.734637152844204833e-01 4.564354645876384176e+00
2.753105713843142024e-02 2.623769151315306081e-01 4.564354645876384176e+00
2.760380913268230263e-02 2.665991371492197892e-01 4.564354645876384176e+00
2.767675337718500730e-02 2.653183867199887525e-01 4.564354645876384176e+00
2.774989037996901386e-02 2.637370919806483749e-01 4.564354645876384176e+00
2.782322065040631828e-02 2.596473756560795931e-01 4.564354645876384176e+00
2.789674469921496480e-02 2.566793753313719173e-01 4.564354645876384176e+00
2.797046303846255355e-02 2.564439072448244650e-01 4.564354645876384176e+00
2.804437618156989040e-02 2.584906637016031183e-01 4.564354645876384176e+00
2.811848464331445988e-02 2.509866640123828985e-01 4.564354645876384176e+00
2.819278893983413053e-02 2.495593153079711246e-01 4.564354645876384176e+00
2.826728958863066257e-02 2.485545847550317267e-01 4.564354645876384176e+00
2.834198710857330564e-02 2.479841527543690805e-01 4.564354645876384176e+00
2.841688201990248686e-02 2.435225074797597311e-01 4.564354645876384176e+00
2.849197484423339477e-02 2.450497974953161073e-01 4.564354645876384176e+00
2.856726610455954593e-02 2.465004558801288104e-01 4.564354645876384176e+00
2.864275632525657700e-02 2.447312897223263006e-01 4.564354645876384176e+00
2.871844603208573155e-02 2.405323660696721821e-01 4.564354645876384176e+00
2.879433575219763480e-02 2.459170698296139768e-01 4.564354645876384176e+00
2.887042601413596088e-02 2.464426308574563795e-01 4.564354645876384176e+00
2.894671734784101322e-02 2.470314478064272734e-01 4.564354645876384176e+00
2.902321028465355141e-02 2.498812541216134109e-01 4.564354645876384176e+00
2.909990535731837163e-02 2.503887999909765738e-01 4.564354645876384176e+00
2.917680309998810576e-02 2.539363278087244935e-01 4.564354645876384176e+00
2.925390404822691276e-02 2.576847500558653303e-01 4.564354645876384176e+00
2.933120873901415640e-02 2.596261929721702111e-01 4.564354645876384176e+00
2.940871771074825627e-02 2.628617183698402360e-01 4.564354645876384176e+00
2.948643150325030646e-02 2.668174182861564048e-01 4.564354645876384176e+00
2.956435065776794741e-02 2.712095196368831673e-01 4.564354645876384176e+00
2.964247571697909561e-02 2.760335918368287955e-01 4.564354645876384176e+00
2.972080722499565938e-02 2.875906218897061883e-01 4.564354645876384176e+00
2.979934572736745932e-02 2.859150504282999550e-01 4.564354645876384176e+00
2.987809177108588857e-02 2.929482457838479825e-01 4.564354645876384176e+00
2.995704590458782984e-02 2.991993364861206262e-01 4.564354645876384176e+00
3.003620867775944406e-02 3.064981340639977292e-01 4.564354645876384176e+00
3.011558064193993467e-02 3.132635447795623640e-01 4.564354645876384176e+00
3.019516234992550979e-02 3.181324960416456182e-01 4.564354645876384176e+00
3.027495435597309797e-02 3.246576217899653782e-01 4.564354645876384176e+00
3.035495721580432418e-02 3.334463498490083944e-01 4.564354645876384176e+00
3.043517148660933661e-02 3.394173943187007159e-01 4.564354645876384176e+00
3.051559772705062651e-02 3.464522634749564456e-01 4.564354645876384176e+00
3.059623649726702851e-02 3.534161456278753222e-01 4.564354645876384176e+00
3.067708835887756474e-02 3.598395332299477722e-01 4.564354645876384176e+00
3.075815387498530978e-02 3.676144324735578506e-01 4.564354645876384176e+00
3.083943361018143606e-02 3.710936807276625227e-01 4.564354645876384176e+00
3.092092813054899553e-02 3.760321906377053769e-01 4.564354645876384176e+00
3.100263800366699282e-02 3.786985880922451031e-01 4.564354645876384176e+00
3.108456379861428837e-02 3.880381289269820844e-01 4.564354645876384176e+00
3.116670608597350151e-02 3.900953832789202380e-01 4.564354645876384176e+00
3.124906543783510793e-02 3.937910787546525238e-01 4.564354645876384176e+00
3.133164242780130115e-02 3.929419463765902454e-01 4.564354645876384176e+00
3.141443763099006914e-02 3.960659670806442878e-01 4.564354645876384176e+00
3.149745162403919801e-02 3.881973253084342046e-01 4.564354645876384176e+00
3.158068498511019950e-02 3.944430247423305613e-01 4.564354645876384176e+00
3.166413829389248119e-02 3.870236988088144314e-01 4.564354645876384176e+00
3.174781213160721843e-02 3.851212862745432286e-01 4.564354645876384176e+00
3.183170708101156626e-02 3.839705395872364813e-01 4.564354645876384176e+00
3.191582372640260068e-02 3.783682904791773050e-01 4.564354645876384176e+00
3.200016265362142648e-02 3.731486009222720890e-01 4.564354645876384176e+00
3.208472445005728507e-02 3.679272537274899668e-01 4.564354645876384176e+00
3.216950970465156517e-02 2.892958131369745556e-01 4.564354645876384176e+00
3.225451900790202164e-02 3.519409012907525058e-01 4.564354645876384176e+00
3.233975295186680005e-02 3.459262927391652531e-01 4.564354645876384176e+00
3.242521213016855836e-02 3.415489313451049447e-01 4.564354645876384176e+00
3.251089713799866499e-02 3.276285863245498309e-01 4.564354645876384176e+00
3.259680857212131355e-02 3.197023287654282564e-01 4.564354645876384176e+00
3.268294703087760988e-02 2.753848961601768064e-01 4.564354645876384176e+00
3.276931311418988108e-02 3.049184744317156026e-01 4.564354645876384176e+00
3.285590742356571392e-02 2.966445002345129422e-01 4.564354645876384176e+00
3.294273056210222234e-02 2.930352649467564685e-01 4.564354645876384176e+00
3.302978313449028008e-02 2.800449733335281244e-01 4.564354645876384176e+00
3.311706574701858002e-02 2.741874342660962083e-01 4.564354645876384176e+00
3.320457900757806807e-02 2.678284287535968589e-01 4.564354645876384176e+00
3.329232352566596775e-02 2.610937524494847950e-01 4.564354645876384176e+00
3.338029991239020722e-02 2.554266195367075332e-01 4.564354645876384176e+00
3.346850878047356870e-02 2.497884849057062373e-01 4.564354645876384176e+00
3.355695074425794205e-02 2.428727479786541299e-01 4.564354645876384176e+00
3.364562641970869628e-02 2.399184170823093210e-01 4.564354645876384176e+00
3.373453642441887057e-02 2.349762481920734114e-01 4.564354645876384176e+00
3.382368137761354587e-02 2.465959045996649612e-01 4.564354645876384176e+00
3.391306190015415389e-02 2.272064221481944479e-01 4.564354645876384176e+00
3.400267861454270985e-02 2.234240237736626888e-01 4.564354645876384176e+00
3.409253214492629497e-02 2.319642975135663143e-01 4.564354645876384176e+00
3.418262311710125456e-02 2.173289663941723182e-01 4.564354645876384176e+00
3.427295215851768051e-02 2.146300050814703986e-01 4.564354645876384176e+00
3.436351989828372727e-02 2.126799683315761802e-01 4.564354645876384176e+00
3.445432696716994869e-02 2.090523290269778733e-01 4.564354645876384176e+00
3.454537399761377359e-02 2.094381468101854660e-01 4.564354645876384176e+00
3.463666162372389806e-02 2.081563689957702246e-01 4.564354645876384176e+00
3.472819048128459457e-02 2.069033797509885753e-01 4.564354645876384176e+00
3.481996120776031239e-02 2.054441219414271935e-01 4.564354645876384176e+00
3.491197444229995200e-02 2.053923210376534525e-01 4.564354645876384176e+00
3.500423082574146555e-02 2.054355058059349481e-01 4.564354645876384176e+00
3.509673100061620060e-02 2.089225454591712994e-01 4.564354645876384176e+00
3.518947561115341044e-02 2.066528080555000979e-01 4.564354645876384176e+00
3.528246530328481290e-02 2.072807544980321548e-01 4.564354645876384176e+00
3.537570072464894105e-02 2.123299358336880605e-01 4.564354645876384176e+00
3.546918252459580617e-02 2.132648421218957258e-01 4.564354645876384176e+00
3.556291135419135940e-02 2.150375360895184218e-01 4.564354645876384176e+00
3.565688786622194656e-02 2.142699947473928890e-01 4.564354645876384176e+00
3.575111271519902656e-02 2.175473123539178044e-01 4.564354645876384176e+00
3.584558655736355681e-02 2.206719020637797901e-01 4.564354645876384176e+00
3.594031005069067697e-02 2.243133328235331070e-01 4.564354645876384176e+00
3.603528385489426777e-02 2.278593007277581739e-01 4.564354645876384176e+00
3.613050863143147523e-02 2.337519196072113947e-01 4.564354645876384176e+00
3.622598504350743598e-02 2.356353685447039048e-01 4.564354645876384176e+00
3.632171375607979452e-02 2.435007988422445702e-01 4.564354645876384176e+00
3.641769543586337310e-02 2.494050613994546750e-01 4.564354645876384176e+00
3.651393075133486932e-02 2.510693786359452506e-01 4.564354645876384176e+00
3.661042037273738031e-02 2.581660799827803499e-01 4.564354645876384176e+00
3.670716497208521834e-02 3.128775806155822403e-01 4.564354645876384176e+00
3.680416522316848349e-02 2.779949424488093457e-01 4.564354645876384176e+00
3.690142180155779605e-02 2.872048084784576405e-01 4.564354645876384176e+00
3.699893538460902881e-02 2.965467077072793112e-01 4.564354645876384176e+00
3.709670665146795610e-02 3.050103703828663249e-01 4.564354645876384176e+00
3.719473628307504859e-02 3.177666215583526688e-01 4.564354645876384176e+00
3.729302496217020563e-02 3.304756862483327340e-01 4.564354645876384176e+00
3.739157337329745284e-02 3.411082292415732464e-01 4.564354645876384176e+00
3.749038220280980632e-02 3.600414292123322313e-01 4.564354645876384176e+00
3.758945213887392861e-02 3.741824790685125413e-01 4.564354645876384176e+00
3.768878387147506226e-02 3.855490330615345962e-01 4.564354645876384176e+00
3.778837809242174828e-02 4.014275943481874220e-01 4.564354645876384176e+00
3.788823549535061397e-02 4.178227118594551870e-01 4.564354645876384176e+00
3.798835677573131342e-02 4.373663267741337290e-01 4.564354645876384176e+00
3.808874263087128759e-02 4.513435120740532658e-01 4.564354645876384176e+00
3.818939375992060070e-02 4.775748352382002127e-01 4.564354645876384176e+00
3.829031086387694321e-02 4.867819467236445541e-01 4.564354645876384176e+00
3.839149464559030861e-02 4.966933039701421637e-01 4.564354645876384176e+00
3.849294580976810043e-02 5.225024019219178806e-01 4.564354645876384176e+00
3.859466506297987154e-02 5.363482647529476122e-01 4.564354645876384176e+00
3.869665311366234789e-02 5.479741983543062744e-01 4.564354645876384176e+00
3.879891067212435513e-02 5.212727303644018040e-01 4.564354645876384176e+00
3.890143845055167582e-02 5.641213651417342767e-01 4.564354645876384176e+00
3.900423716301210791e-02 5.833109168528478605e-01 4.564354645876384176e+00
3.910730752546044686e-02 5.904886186019938643e-01 4.564354645876384176e+00
3.921065025574334284e-02 5.937304825585005830e-01 4.564354645876384176e+00
3.931426607360445635e-02 5.392693168184707897e-01 4.564354645876384176e+00
3.941815570068935015e-02 5.851086316645052188e-01 4.564354645876384176e+00
3.952231986055059626e-02 5.745712223582368772e-01 4.564354645876384176e+00
3.962675927865282749e-02 5.842261323513602278e-01 4.564354645876384176e+00
3.973147468237762936e-02 5.729730117266845779e-01 4.564354645876384176e+00
3.983646680102886223e-02 5.647280701804840986e-01 4.564354645876384176e+00
3.994173636583747689e-02 5.513274596215459455e-01 4.564354645876384176e+00
4.004728410996682975e-02 5.396577396067062660e-01 4.564354645876384176e+00
4.015311076851766497e-02 5.228662246502653321e-01 4.564354645876384176e+00
4.025921707853320763e-02 5.108716988987814789e-01 4.564354645876384176e+00
4.036560377900445112e-02 4.892540504892877729e-01 4.564354645876384176e+00
4.047227161087511155e-02 2.880735408161745892e-01 4.564354645876384176e+00
4.057922131704691515e-02 4.652287268664264119e-01 4.564354645876384176e+00
4.068645364238477474e-02 4.385144407142830270e-01 4.564354645876384176e+00
4.079396933372187589e-02 4.218347039423712697e-01 4.564354645876384176e+00
4.090176913986499213e-02 4.253990383207935655e-01 4.564354645876384176e+00
4.100985381159960586e-02 4.171905368213719156e-01 4.564354645876384176e+00
4.111822410169523739e-02 3.777695821124982811e-01 4.564354645876384176e+00
4.122688076491060061e-02 3.596884846092801569e-01 4.564354645876384176e+00
4.133582455799886951e-02 3.457537869084385540e-01 4.564354645876384176e+00
4.144505623971301428e-02 3.385098448051579445e-01 4.564354645876384176e+00
4.155457657081103318e-02 3.201769047569703597e-01 4.564354645876384176e+00
4.166438631406122611e-02 3.113534196425332135e-01 4.564354645876384176e+00
4.177448623424759311e-02 3.005055978120909077e-01 4.564354645876384176e+00
4.188487709817504540e-02 2.857717020827049703e-01 4.564354645876384176e+00
4.199555967467488715e-02 2.799272954760624876e-01 4.564354645876384176e+00
4.210653473460999885e-02 2.712728617285912747e-01 4.564354645876384176e+00
4.221780305088038143e-02 2.736793887552335103e-01 4.564354645876384176e+00
4.232936539842843682e-02 3.315983346611020566e-01 4.564354645876384176e+00
4.244122255424433166e-02 2.534113326373190755e-01 4.564354645876384176e+00
4.255337529737153457e-02 2.404726883734807363e-01 4.564354645876384176e+00
4.266582440891215217e-02 2.351725782872605697e-01 4.564354645876384176e+00
4.277857067203233443e-02 2.290937392998415034e-01 4.564354645876384176e+00
4.289161487196785361e-02 2.233812923327726241e-01 4.564354645876384176e+00
4.300495779602944713e-02 2.176750882762409078e-01 4.564354645876384176e+00
4.311860023360836874e-02 2.124926095044160912e-01 4.564354645876384176e+00
4.323254297618192576e-02 2.081171727873351585e-01 4.564354645876384176e+00
4.334678681731884281e-02 2.039799902269367748e-01 4.564354645876384176e+00
4.346133255268495865e-02 2.024402631313055312e-01 4.564354645876384176e+00
4.357618098004864549e-02 1.965928016768195286e-01 4.564354645876384176e+00
4.369133289928644331e-02 1.934301465416385923e-01 4.564354645876384176e+00
4.380678911238861800e-02 1.908274526138579730e-01 4.564354645876384176e+00
4.392255042346464994e-02 1.881070605578974153e-01 4.564354645876384176e+00
4.403861763874900026e-02 1.858546213434845717e-01 4.564354645876384176e+00
4.415499156660661340e-02 1.831753932327809808e-01 4.564354645876384176e+00
4.427167301753852369e-02 1.825113646105630816e-01 4.564354645876384176e+00
4.438866280418762855e-02 1.801290852356371985e-01 4.564354645876384176e+00
4.450596174134418409e-02 1.792550784044155687e-01 4.564354645876384176e+00
4.462357064595166845e-02 1.781195785762073880e-01 4.564354645876384176e+00
4.474149033711224271e-02 1.759131593834359353e-01 4.564354645876384176e+00
4.485972163609268371e-02 1.759945013174847028e-01 4.564354645876384176e+00
4.497826536632998362e-02 1.763203928397774622e-01 4.564354645876384176e+00
4.509712235343702608e-02 1.764259941111402386e-01 4.564354645876384176e+00
4.521629342520850497e-02 1.758265854033324860e-01 4.564354645876384176e+00
4.533577941162655889e-02 1.758148749280289969e-01 4.564354645876384176e+00
4.545558114486657891e-02 1.761713164161533007e-01 4.564354645876384176e+00
4.557569945930304428e-02 1.771537471751814807e-01 4.564354645876384176e+00
4.569613519151524694e-02 1.780840069521948954e-01 4.564354645876384176e+00
4.581688918029325208e-02 1.793031217176082603e-01 4.564354645876384176e+00
4.593796226664362964e-02 1.805843057482346692e-01 4.564354645876384176e+00
4.605935529379531768e-02 1.842894613828756079e-01 4.564354645876384176e+00
4.618106910720556901e-02 1.845697771885731475e-01 4.564354645876384176e+00
4.630310455456574520e-02 1.864884319846144833e-01 4.564354645876384176e+00
4.642546248580730478e-02 1.893000667047467223e-01 4.564354645876384176e+00
4.654814375310770830e-02 1.940443799774971001e-01 4.564354645876384176e+00
4.667114921089625390e-02 1.960063364300123900e-01 4.564354645876384176e+00
4.679447971586016969e-02 1.983559983099521529e-01 4.564354645876384176e+00
4.691813612695051872e-02 1.836304990814939531e-01 4.564354645876384176e+00
4.704211930538812481e-02 2.084492671338315228e-01 4.564354645876384176e+00
4.716643011466969265e-02 2.114622082708208506e-01 4.564354645876384176e+00
4.729106942057367813e-02 2.166805836967540810e-01 4.564354645876384176e+00
4.741603809116648471e-02 2.211985645915131304e-01 4.564354645876384176e+00
4.754133699680830605e-02 2.277788440592689034e-01 4.564354645876384176e+00
4.766696701015941257e-02 2.350451019619566040e-01 4.564354645876384176e+00
4.779292900618606343e-02 2.412855385936484576e-01 4.564354645876384176e+00
4.791922386216662666e-02 2.530981313803299937e-01 4.564354645876384176e+00
4.804585245769776164e-02 2.613660930547578864e-01 4.564354645876384176e+00
4.817281567470051845e-02 2.672684095388284109e-01 4.564354645876384176e+00
4.830011439742636081e-02 2.764834717961401900e-01 4.564354645876384176e+00
4.842774951246354986e-02 2.884342144860886914e-01 4.564354645876384176e+00
4.855572190874308386e-02 2.993477727672596012e-01 4.564354645876384176e+00
4.868403247754508195e-02 3.128004919641912407e-01 4.564354645876384176e+00
4.881268211250488348e-02 3.133930599528318983e-01 4.564354645876384176e+00
4.894167170961925828e-02 3.322216751622030784e-01 4.564354645876384176e+00
4.907100216725275577e-02 3.560916354533155692e-01 4.564354645876384176e+00
4.920067438614381811e-02 3.619192190383081487e-01 4.564354645876384176e+00
4.933068926941117788e-02 3.933257125087075146e-01 4.564354645876384176e+00
4.946104772256011695e-02 4.132601088047644922e-01 4.564354645876384176e+00
4.959175065348866290e-02 4.361934026790505459e-01 4.564354645876384176e+00
4.972279897249408387e-02 4.597523713411753032e-01 4.564354645876384176e+00
4.985419359227916125e-02 4.850782734960061848e-01 4.564354645876384176e+00
4.998593542795842781e-02 6.176722457985185377e-01 4.564354645876384176e+00
5.011802539706478044e-02 5.411802581000754175e-01 4.564354645876384176e+00
5.025046441955560023e-02 5.752857854560082806e-01 4.564354645876384176e+00
5.038325341781941386e-02 6.808823830716560499e-01 4.564354645876384176e+00
5.051639331668211774e-02 6.690521567737391928e-01 4.564354645876384176e+00
5.064988504341352837e-02 6.956405397997821316e-01 4.564354645876384176e+00
5.078372952773387017e-02 7.309489624387230933e-01 4.564354645876384176e+00
5.091792770182004824e-02 7.731911195536340653e-01 4.564354645876384176e+00
5.105248050031243462e-02 8.406630107383503692e-01 4.564354645876384176e+00
5.118738886032116880e-02 8.647030969911843057e-01 4.564354645876384176e+00
5.132265372143270804e-02 9.180960602085086464e-01 4.564354645876384176e+00
5.145827602571645398e-02 9.583476274222957336e-01 4.564354645876384176e+00
5.159425671773129607e-02 8.283476822394882921e-01 4.564354645876384176e+00
5.173059674453207857e-02 1.040661704904935370e+00 4.564354645876384176e+00
5.186729705567630355e-02 1.074455671451074457e+00 4.564354645876384176e+00
5.200435860323074366e-02 1.105238781019075356e+00 4.564354645876384176e+00
5.214178234177808263e-02 1.128496939470940763e+00 4.564354645876384176e+00
5.227956922842343784e-02 1.137192981819146631e+00 4.564354645876384176e+00
5.241772022280118820e-02 1.149777222808144428e+00 4.564354645876384176e+00
5.255623628708157996e-02 1.110643931237911719e+00 4.564354645876384176e+00
5.269511838597738806e-02 1.140820801660238137e+00 4.564354645876384176e+00
5.283436748675073014e-02 1.132109882990478544e+00 4.564354645876384176e+00
5.297398455921977639e-02 1.109727671722623654e+00 4.564354645876384176e+00
5.311397057576539016e-02 1.082852624387625085e+00 4.564354645876384176e+00
5.325432651133809453e-02 1.050737472376811699e+00 4.564354645876384176e+00
5.339505334346468512e-02 1.010353743462846232e+00 4.564354645876384176e+00
5.353615205225518286e-02 9.814541467218066417e-01 4.564354645876384176e+00
5.367762362040949531e-02 9.268611719220216649e-01 4.564354645876384176e+00
5.381946903322445269e-02 8.934172447848186538e-01 4.564354645876384176e+00
5.396168927860055947e-02 8.480241057909582159e-01 4.564354645876384176e+00
5.410428534704881526e-02 7.994600264026457959e-01 4.564354645876384176e+00
5.424725823169776473e-02 7.574730884157898636e-01 4.564354645876384176e+00
5.439060892830033245e-02 7.366085812961808976e-01 4.564354645876384176e+00
5.453433843524069236e-02 6.817809157413077248e-01 4.564354645876384176e+00
5.467844775354136627e-02 6.663168815837826608e-01 4.564354645876384176e+00
5.482293788687012809e-02 6.139609817635017786e-01 4.564354645876384176e+00
5.496780984154689409e-02 5.783264532495017152e-01 4.564354645876384176e+00
5.511306462655091165e-02 5.491509582325072580e-01 4.564354645876384176e+00
5.525870325352764956e-02 5.275033051601278888e-01 4.564354645876384176e+00
5.540472673679594506e-02 5.011572070876298968e-01 4.564354645876384176e+00
5.555113609335496361e-02 4.659583766256025772e-01 4.564354645876384176e+00
5.569793234289134587e-02 4.550516971162935631e-01 4.564354645876384176e+00
5.584511650778635483e-02 4.186153533483357725e-01 4.564354645876384176e+00
5.599268961312283549e-02 4.152632743155690864e-01 4.564354645876384176e+00
5.614065268669254927e-02 3.998082440995603948e-01 4.564354645876384176e+00
5.628900675900318923e-02 3.835484998963850645e-01 4.564354645876384176e+00
5.643775286328563123e-02 3.652955366505040158e-01 4.564354645876384176e+00
5.658689203550112262e-02 3.508882939429459613e-01 4.564354645876384176e+00
5.673642531434842234e-02 3.392561697456364378e-01 4.564354645876384176e+00
5.688635374127117700e-02 3.069720435205223752e-01 4.564354645876384176e+00
5.703667836046504014e-02 3.129232802509017142e-01 4.564354645876384176e+00
5.718740021888497893e-02 3.018727735154491110e-01 4.564354645876384176e+00
5.733852036625265713e-02 2.915740197807545342e-01 4.564354645876384176e+00
5.749003985506359604e-02 2.824042847325639594e-01 4.564354645876384176e+00
5.764195974059462685e-02 2.714878249608134175e-01 4.564354645876384176e+00
5.779428108091119037e-02 2.646715521930928516e-01 4.564354645876384176e+00
5.794700493687467147e-02 2.567794655064856713e-01 4.564354645876384176e+00
5.810013237214989995e-02 2.493718411209272234e-01 4.564354645876384176e+00
5.825366445321241565e-02 2.425881023373530898e-01 4.564354645876384176e+00
5.840760224935601097e-02 2.359673859669877971e-01 4.564354645876384176e+00
5.856194683270008611e-02 2.300465556668826461e-01 4.564354645876384176e+00
5.871669927819719859e-02 2.245996520747716163e-01 4.564354645876384176e+00
5.887186066364052950e-02 2.191100111100941217e-01 4.564354645876384176e+00
5.902743206967133588e-02 2.139214058068704405e-01 4.564354645876384176e+00
5.918341457978652104e-02 2.091921207990876663e-01 4.564354645876384176e+00
5.933980928034621877e-02 2.049209834558037846e-01 4.564354645876384176e+00
5.949661726058123185e-02 2.007520240706039683e-01 4.564354645876384176e+00
5.965383961260079665e-02 1.969081985206850571e-01 4.564354645876384176e+00
5.981147743140002165e-02 1.931246123223157862e-01 4.564354645876384176e+00
5.996953181486762430e-02 1.899660811605842214e-01 4.564354645876384176e+00
6.012800386379355683e-02 1.865746149719784142e-01 4.564354645876384176e+00
6.028689468187657663e-02 1.834294231419302534e-01 4.564354645876384176e+00
6.044620537573210800e-02 1.808465589630969539e-01 4.564354645876384176e+00
6.060593705489979166e-02 1.781945849646782709e-01 4.564354645876384176e+00
6.076609083185129101e-02 1.757155130605332349e-01 4.564354645876384176e+00
6.092666782199807063e-02 1.736984439305253869e-01 4.564354645876384176e+00
6.108766914369900131e-02 1.713903411601125915e-01 4.564354645876384176e+00
6.124909591826839528e-02 1.683361968308458301e-01 4.564354645876384176e+00
6.141094926998359738e-02 1.678087183243800184e-01 4.564354645876384176e+00
6.157323032609293700e-02 1.660540312159869414e-01 4.564354645876384176e+00
6.173594021682354827e-02 1.689367108546939722e-01 4.564354645876384176e+00
6.189908007538923868e-02 1.633125938837811097e-01 4.564354645876384176e+00
6.206265103799835786e-02 1.596636987541674435e-01 4.564354645876384176e+00
6.222665424386176342e-02 1.627104372004538058e-01 4.564354645876384176e+00
6.239109083520069654e-02 1.601636281400698192e-01 4.564354645876384176e+00
6.255596195725481035e-02 1.591369621406582280e-01 4.564354645876384176e+00
6.272126875829006631e-02 1.585083418547098000e-01 4.564354645876384176e+00
6.288701238960676954e-02 1.574479724556051008e-01 4.564354645876384176e+00
6.305319400554762477e-02 1.573642603065487922e-01 4.564354645876384176e+00
6.321981476350566065e-02 1.569257842760127808e-01 4.564354645876384176e+00
6.338687582393244535e-02 1.569213937949186233e-01 4.564354645876384176e+00
6.355437835034603855e-02 1.568571051822879592e-01 4.564354645876384176e+00
6.372232350933916545e-02 1.571226821979389288e-01 4.564354645876384176e+00
6.389071247058736303e-02 1.569921631845428156e-01 4.564354645876384176e+00
6.405954640685697365e-02 1.571885846053645841e-01 4.564354645876384176e+00
6.422882649401354116e-02 1.577401448752826785e-01 4.564354645876384176e+00
6.439855391102983218e-02 1.583151066781430805e-01 4.564354645876384176e+00
6.456872983999407956e-02 1.584875144189108742e-01 4.564354645876384176e+00
6.473935546611830905e-02 1.594761573335555516e-01 4.564354645876384176e+00
6.491043197774640228e-02 1.601287673336419526e-01 4.564354645876384176e+00
6.508196056636263160e-02 1.617033082122863175e-01 4.564354645876384176e+00
6.525394242659970923e-02 1.631052325394442559e-01 4.564354645876384176e+00
6.542637875624722488e-02 1.619551799763647160e-01 4.564354645876384176e+00
6.559927075626005577e-02 1.657378955044179480e-01 4.564354645876384176e+00
6.577261963076658224e-02 1.674267771262975824e-01 4.564354645876384176e+00
6.594642658707715321e-02 1.692188576066638861e-01 4.564354645876384176e+00
6.612069283569252387e-02 1.711504767573790997e-01 4.564354645876384176e+00
6.629541959031219622e-02 1.725063771381325772e-01 4.564354645876384176e+00
6.647060806784296783e-02 1.756300952668178594e-01 4.564354645876384176e+00
6.664625948840735559e-02 1.781992863148034456e-01 4.564354645876384176e+00
6.682237507535206122e-02 1.837382487968311773e-01 4.564354645876384176e+00
6.699895605525664488e-02 1.831962184327676213e-01 4.564354645876384176e+00
6.717600365794179629e-02 1.876241676846566730e-01 4.564354645876384176e+00
6.735351911647817491e-02 1.865221464484650704e-01 4.564354645876384176e+00
6.753150366719487541e-02 1.944104271588386612e-01 4.564354645876384176e+00
6.770995854968794858e-02 1.813071033847702129e-01 4.564354645876384176e+00
6.788888500682929705e-02 2.045057861228565255e-01 4.564354645876384176e+00
6.806828428477496029e-02 2.046021012971045161e-01 4.564354645876384176e+00
6.824815763297417681e-02 2.125269682915505720e-01 4.564354645876384176e+00
6.842850630417783575e-02 2.176059765162043635e-01 4.564354645876384176e+00
6.860933155444723375e-02 2.227880262061751881e-01 4.564354645876384176e+00
6.879063464316295673e-02 2.303361893228950130e-01 4.564354645876384176e+00
6.897241683303347026e-02 2.358532120884983263e-01 4.564354645876384176e+00
6.915467939010404297e-02 2.430827936742199491e-01 4.564354645876384176e+00
6.933742358376553117e-02 2.482466701855657321e-01 4.564354645876384176e+00
6.952065068676316351e-02 2.582081024004688752e-01 4.564354645876384176e+00
6.970436197520551991e-02 2.670498638495548138e-01 4.564354645876384176e+00
6.988855872857330231e-02 2.760835412984912751e-01 4.564354645876384176e+00
7.007324222972829975e-02 2.849576137185398927e-01 4.564354645876384176e+00
7.025841376492233947e-02 3.013896510104402959e-01 4.564354645876384176e+00
7.044407462380619656e-02 3.083600014809071976e-01 4.564354645876384176e+00
7.063022609943864216e-02 3.206306918385707361e-01 4.564354645876384176e+00
7.081686948829538086e-02 3.339130292990934445e-01 4.564354645876384176e+00
7.100400609027809895e-02 6.156486025476833879e-01 4.564354645876384176e+00
7.119163720872358214e-02 3.641057763137829917e-01 4.564354645876384176e+00
7.137976415041263900e-02 3.818399307111941532e-01 4.564354645876384176e+00
7.156838822557942681e-02 3.992302781428782033e-01 4.564354645876384176e+00
7.175751074792037498e-02 4.185013621824430485e-01 4.564354645876384176e+00
7.194713303460338605e-02 4.410056621301182145e-01 4.564354645876384176e+00
7.213725640627716151e-02 4.632571620079364849e-01 4.564354645876384176e+00
7.232788218708011141e-02 4.849961846524136755e-01 4.564354645876384176e+00
7.251901170464984669e-02 5.315684660843591480e-01 4.564354645876384176e+00
7.271064629013228309e-02 4.880252735645358442e-01 4.564354645876384176e+00
7.290278727819095306e-02 5.805763062744127012e-01 4.564354645876384176e+00
7.309543600701630395e-02 6.279212041099567765e-01 4.564354645876384176e+00
7.328859381833495446e-02 6.567125102012035809e-01 4.564354645876384176e+00
7.348226205741917316e-02 7.008867510938072698e-01 4.564354645876384176e+00
7.367644207309612114e-02 7.471112064719869217e-01 4.564354645876384176e+00
7.387113521775728886e-02 8.020743485560425379e-01 4.564354645876384176e+00
7.406634284736797469e-02 8.682614769687853062e-01 4.564354645876384176e+00
7.426206632147655529e-02 9.251985037700712899e-01 4.564354645876384176e+00
7.445830700322420004e-02 9.974325491229202312e-01 4.564354645876384176e+00
7.465506625935415530e-02 1.076976081023053977e+00 4.564354645876384176e+00
7.485234546022138946e-02 1.168180515874256420e+00 4.564354645876384176e+00
7.505014597980209923e-02 1.569035324095046757e+00 4.564354645876384176e+00
7.524846919570318815e-02 1.371294860637484625e+00 4.564354645876384176e+00
7.544731648917206435e-02 1.473692926785482582e+00 4.564354645876384176e+00
7.564668924510604964e-02 1.624096145586847006e+00 4.564354645876384176e+00
7.584658885206214951e-02 1.904086642092542414e+00 4.564354645876384176e+00
7.604701670226671206e-02 1.922223074407833243e+00 4.564354645876384176e+00
7.624797419162505918e-02 2.097511224323351353e+00 4.564354645876384176e+00
7.644946271973127039e-02 2.284129997093563791e+00 4.564354645876384176e+00
7.665148368987796668e-02 2.475563561862184070e+00 4.564354645876384176e+00
7.685403850906588619e-02 2.722272813618746845e+00 4.564354645876384176e+00
7.705712858801401499e-02 2.898638921497344700e+00 4.564354645876384176e+00
7.726075534116906562e-02 3.062458540194014756e+00 4.564354645876384176e+00
7.746492018671556623e-02 3.266298558290736676e+00 4.564354645876384176e+00
7.766962454658565829e-02 3.420696420124532455e+00 4.564354645876384176e+00
7.787486984646896371e-02 3.547346024572366030e+00 4.564354645876384176e+00
7.808065751582256298e-02 3.628077071858264446e+00 4.564354645876384176e+00
7.828698898788097327e-02 3.678898880292527984e+00 4.564354645876384176e+00
7.849386569966604332e-02 3.674445501270480641e+00 4.564354645876384176e+00
7.870128909199705647e-02 3.613795230164941419e+00 4.564354645876384176e+00
7.890926060950065324e-02 3.523751927479690682e+00 4.564354645876384176e+00
7.911778170062107318e-02 3.399748958394357423e+00 4.564354645876384176e+00
7.932685381763003585e-02 3.253025978005321672e+00 4.564354645876384176e+00
7.953647841663698259e-02 3.108766395946048533e+00 4.564354645876384176e+00
7.974665695759919348e-02 2.957781497727465236e+00 4.564354645876384176e+00
7.995739090433195972e-02 2.687360453175794195e+00 4.564354645876384176e+00
8.016868172451872832e-02 2.507188281953963038e+00 4.564354645876384176e+00
8.038053088972138549e-02 2.335068213746584576e+00 4.564354645876384176e+00
8.059293987539047077e-02 2.152424778315134901e+00 4.564354645876384176e+00
8.080591016087551592e-02 1.999246024208139350e+00 4.564354645876384176e+00
8.101944322943520349e-02 1.843088011340212384e+00 4.564354645876384176e+00
8.123354056824787228e-02 1.727579793239252037e+00 4.564354645876384176e+00
8.144820366842178694e-02 1.605288980767415330e+00 4.564354645876384176e+00
8.166343402500544912e-02 1.495912510629253900e+00 4.564354645876384176e+00
8.187923313699820016e-02 1.395729086710954414e+00 4.564354645876384176e+00
8.209560250736046283e-02 1.298250686089761130e+00 4.564354645876384176e+00
8.231254364302433013e-02 1.212915940053222785e+00 4.564354645876384176e+00
8.253005805490408464e-02 1.136913124617517035e+00 4.564354645876384176e+00
8.274814725790652359e-02 1.067365901423781516e+00 4.564354645876384176e+00
8.296681277094181128e-02 1.000902672206751554e+00 4.564354645876384176e+00
8.318605611693380419e-02 9.417879003871638677e-01 4.564354645876384176e+00
8.340587882283070909e-02 8.920644458726618709e-01 4.564354645876384176e+00
8.362628241961592157e-02 8.426608501750864066e-01 4.564354645876384176e+00
8.384726844231832343e-02 8.186191545403941339e-01 4.564354645876384176e+00
8.406883843002334322e-02 7.581840139323602346e-01 4.564354645876384176e+00
8.429099392588339235e-02 7.207778154329346210e-01 4.564354645876384176e+00
8.451373647712878689e-02 6.832635898429452181e-01 4.564354645876384176e+00
8.473706763507848905e-02 6.533093574988142471e-01 4.564354645876384176e+00
8.496098895515083460e-02 6.207666109685480160e-01 4.564354645876384176e+00
8.518550199687439928e-02 5.969650189249889882e-01 4.564354645876384176e+00
8.541060832389896218e-02 5.672938122143557083e-01 4.564354645876384176e+00
8.563630950400623332e-02 5.451588588079047115e-01 4.564354645876384176e+00
8.586260710912091421e-02 5.225801504125903163e-01 4.564354645876384176e+00
8.608950271532157805e-02 5.026223473581749035e-01 4.564354645876384176e+00
8.631699790285156382e-02 4.834598672080082649e-01 4.564354645876384176e+00
8.654509425613023110e-02 4.653097965799035673e-01 4.564354645876384176e+00
8.677379336376365992e-02 4.488289994962423868e-01 4.564354645876384176e+00
8.700309681855601662e-02 4.292193730767132065e-01 4.564354645876384176e+00
8.723300621752047568e-02 4.171120334440640565e-01 4.564354645876384176e+00
8.746352316189037746e-02 3.865189544949656497e-01 4.564354645876384176e+00
8.769464925713041370e-02 3.903121780488014170e-01 4.564354645876384176e+00
8.792638611294778528e-02 3.765667034310453132e-01 4.564354645876384176e+00
8.815873534330338768e-02 3.680216561433207745e-01 4.564354645876384176e+00
8.839169856642307976e-02 3.551240260963970941e-01 4.564354645876384176e+00
8.862527740480898031e-02 3.456493751816141491e-01 4.564354645876384176e+00
8.885947348525070899e-02 3.354221572691232778e-01 4.564354645876384176e+00
8.909428843883675231e-02 3.260263454118804138e-01 4.564354645876384176e+00
8.932972390096584336e-02 3.170431485718945286e-01 4.564354645876384176e+00
8.956578151135832777e-02 3.035428305912578617e-01 4.564354645876384176e+00
8.980246291406748793e-02 3.014851865671505649e-01 4.564354645876384176e+00
9.003976975749122813e-02 2.938820757634872383e-01 4.564354645876384176e+00
9.027770369438331555e-02 2.866806800001107658e-01 4.564354645876384176e+00
9.051626638186505147e-02 2.795275159045350066e-01 4.564354645876384176e+00
9.075545948143669273e-02 2.730642633504355432e-01 4.564354645876384176e+00
9.099528465898908125e-02 2.669537307868559695e-01 4.564354645876384176e+00
9.123574358481534308e-02 2.616407275658746978e-01 4.564354645876384176e+00
9.147683793362233751e-02 2.562637517892454309e-01 4.564354645876384176e+00
9.171856938454239772e-02 2.524266034595959440e-01 4.564354645876384176e+00
9.196093962114507137e-02 2.458277241717157502e-01 4.564354645876384176e+00
9.220395033144884733e-02 2.410186277706733715e-01 4.564354645876384176e+00
9.244760320793279917e-02 2.510036488539332256e-01 4.564354645876384176e+00
9.269189994754847839e-02 2.242761169515480879e-01 4.564354645876384176e+00
9.293684225173172442e-02 2.278590521884705233e-01 4.564354645876384176e+00
9.318243182641444688e-02 2.238855438385095875e-01 4.564354645876384176e+00
9.342867038203662988e-02 2.198152198687961800e-01 4.564354645876384176e+00
9.367555963355808646e-02 2.165547431923561250e-01 4.564354645876384176e+00
9.392310130047054617e-02 2.129546555595432655e-01 4.564354645876384176e+00
9.417129710680953447e-02 2.095375937653396470e-01 4.564354645876384176e+00
9.442014878116637699e-02 2.063126609046428694e-01 4.564354645876384176e+00
9.466965805670037037e-02 2.035183474917133251e-01 4.564354645876384176e+00
9.491982667115071715e-02 2.001308955107479748e-01 4.564354645876384176e+00
9.517065636684865493e-02 1.971698645453337784e-01 4.564354645876384176e+00
9.542214889072954398e-02 1.946862031366031198e-01 4.564354645876384176e+00
9.567430599434527394e-02 1.922257154911568289e-01 4.564354645876384176e+00
9.592712943387611546e-02 1.896818307882003340e-01 4.564354645876384176e+00
9.618062097014319634e-02 1.872342005648053032e-01 4.564354645876384176e+00
9.643478236862065844e-02 1.850307283879698006e-01 4.564354645876384176e+00
9.668961539944799510e-02 1.827272507930541301e-01 4.564354645876384176e+00
9.694512183744240230e-02 1.806912793817160856e-01 4.564354645876384176e+00
9.720130346211107442e-02 1.795330148661962999e-01 4.564354645876384176e+00
9.745816205766361096e-02 1.767414469606397032e-01 4.564354645876384176e+00
9.771569941302450657e-02 1.755221540109849765e-01 4.564354645876384176e+00
9.797391732184550228e-02 1.731109134041205200e-01 4.564354645876384176e+00
9.823281758251825591e-02 1.713958678463106955e-01 4.564354645876384176e+00
9.849240199818659613e-02 1.697776351320019195e-01 4.564354645876384176e+00
9.875267237675937337e-02 1.684787275965667908e-01 4.564354645876384176e+00
9.901363053092282485e-02 1.667384013295620249e-01 4.564354645876384176e+00
9.927527827815332828e-02 1.653556050480570194e-01 4.564354645876384176e+00
9.953761744073004458e-02 1.640838996834950436e-01 4.564354645876384176e+00
9.980064984574751885e-02 1.628112609574654812e-01 4.564354645876384176e+00
1.000643773251285035e-01 1.615122996620672047e-01 4.564354645876384176e+00
1.003288017156366979e-01 1.603455309914801064e-01 4.564354645876384176e+00
1.005939248588895440e-01 1.592414587269864457e-01 4.564354645876384176e+00
1.008597486013709799e-01 1.580338869071548358e-01 4.564354645876384176e+00
1.011262747944444151e-01 1.571715004310918484e-01 4.564354645876384176e+00
1.013935052943654713e-01 1.582105793429198215e-01 4.564354645876384176e+00
1.016614419622951515e-01 1.553256517258819192e-01 4.564354645876384176e+00
1.019300866643125525e-01 1.545590344112213188e-01 4.564354645876384176e+00
1.021994412714279932e-01 1.538196182904262022e-01 4.564354645876384176e+00
1.024695076595959903e-01 1.530518078092404088e-01 4.564354645876384176e+00
1.027402877097283590e-01 1.523280113911426314e-01 4.564354645876384176e+00
1.030117833077073691e-01 1.447923088735248442e-01 4.564354645876384176e+00
1.032839963443987347e-01 1.510999632269324489e-01 4.564354645876384176e+00
1.035569287156649088e-01 1.505864084400286018e-01 4.564354645876384176e+00
1.038305823223781982e-01 1.486265654478929332e-01 4.564354645876384176e+00
1.041049590704340722e-01 1.495411417694577361e-01 4.564354645876384176e+00
1.043800608707644573e-01 1.493320030251885921e-01 4.564354645876384176e+00
1.046558896393509352e-01 1.490518100605365270e-01 4.564354645876384176e+00
1.049324472972381350e-01 1.487338501653071299e-01 4.564354645876384176e+00
1.052097357705471942e-01 1.483857944872219170e-01 4.564354645876384176e+00
1.054877569904890677e-01 1.481988429547073660e-01 4.564354645876384176e+00
1.057665128933780313e-01 1.480670347420535715e-01 4.564354645876384176e+00
1.060460054206451425e-01 1.479385683667578111e-01 4.564354645876384176e+00
1.063262365188517855e-01 1.480874384195737248e-01 4.564354645876384176e+00
1.066072081397031746e-01 1.478983052703710943e-01 4.564354645876384176e+00
1.068889222400620925e-01 1.480478780465616928e-01 4.564354645876384176e+00
1.071713807819622971e-01 1.480985867832683989e-01 4.564354645876384176e+00
1.074545857326223708e-01 1.481499855274574229e-01 4.564354645876384176e+00
1.077385390644593072e-01 1.482804975612815879e-01 4.564354645876384176e+00
1.080232427551023749e-01 1.485252784189577957e-01 4.564354645876384176e+00
1.083086987874067458e-01 1.488424032880362735e-01 4.564354645876384176e+00
1.085949091494673863e-01 1.489834652194868270e-01 4.564354645876384176e+00
1.088818758346328935e-01 1.495479955247305814e-01 4.564354645876384176e+00
1.091696008415193320e-01 1.499268378666044066e-01 4.564354645876384176e+00
1.094580861740243188e-01 1.503920224458411836e-01 4.564354645876384176e+00
1.097473338413407218e-01 1.509150902968418029e-01 4.564354645876384176e+00
1.100373458579708419e-01 1.514800494315952095e-01 4.564354645876384176e+00
1.103281242437403886e-01 1.531402550286748987e-01 4.564354645876384176e+00
1.106196710238124964e-01 1.527391174117760098e-01 4.564354645876384176e+00
1.109119882287020048e-01 1.534998635796235855e-01 4.564354645876384176e+00
1.112050778942893503e-01 1.543382561479186288e-01 4.564354645876384176e+00
1.114989420618349297e-01 1.551934813458380746e-01 4.564354645876384176e+00
1.117935827779932279e-01 1.562559417224381186e-01 4.564354645876384176e+00
1.120890020948271254e-01 1.573856314860678507e-01 4.564354645876384176e+00
1.123852020698221793e-01 1.581740469365357782e-01 4.564354645876384176e+00
1.126821847659008891e-01 1.594596492431793744e-01 4.564354645876384176e+00
1.129799522514371712e-01 1.605087769726017966e-01 4.564354645876384176e+00
1.132785066002706398e-01 1.616884846291515854e-01 4.564354645876384176e+00
1.135778498917212331e-01 1.631756758833714238e-01 4.564354645876384176e+00
1.138779842106034390e-01 1.645780283161391577e-01 4.564354645876384176e+00
1.141789116472410881e-01 1.661278750376231350e-01 4.564354645876384176e+00
1.144806342974816621e-01 1.671273727623601435e-01 4.564354645876384176e+00
1.147831542627111151e-01 1.693695041484317432e-01 4.564354645876384176e+00
1.150864736498683483e-01 1.711473492504790861e-01 4.564354645876384176e+00
1.153905945714599202e-01 1.729726974455533806e-01 4.564354645876384176e+00
1.156955191455748266e-01 1.749783797340186131e-01 4.564354645876384176e+00
1.160012494958991558e-01 1.775633748631782749e-01 4.564354645876384176e+00
1.163077877517309927e-01 1.789417433797695356e-01 4.564354645876384176e+00
1.166151360479951299e-01 1.901954485237763171e-01 4.564354645876384176e+00
1.169232965252579998e-01 1.837092874335608528e-01 4.564354645876384176e+00
1.172322713297425795e-01 1.861381896528215285e-01 4.564354645876384176e+00
1.175420626133432817e-01 1.885825289659874282e-01 4.564354645876384176e+00
1.178526725336411229e-01 1.913995707964741833e-01 4.564354645876384176e+00
1.181641032539185038e-01 1.945992322048046563e-01 4.564354645876384176e+00
1.184763569431744185e-01 1.973204296375596911e-01 4.564354645876384176e+00
1.187894357761394987e-01 2.005971539137843818e-01 4.564354645876384176e+00
1.191033419332913068e-01 2.037337714068661876e-01 4.564354645876384176e+00
1.194180776008693101e-01 2.070685232984272595e-01 4.564354645876384176e+00
1.197336449708902434e-01 2.109781338951353946e-01 4.564354645876384176e+00
1.200500462411633051e-01 2.144207791344658887e-01 4.564354645876384176e+00
1.203672836153055065e-01 2.185373424944623000e-01 4.564354645876384176e+00
1.206853593027571031e-01 2.225275795938686518e-01 4.564354645876384176e+00
1.210042755187967917e-01 2.268484170032871172e-01 4.564354645876384176e+00
1.213240344845572249e-01 2.324194772365458239e-01 4.564354645876384176e+00
1.216446384270405551e-01 2.361990115784395605e-01 4.564354645876384176e+00
1.219660895791338379e-01 2.412208205442007147e-01 4.564354645876384176e+00
1.222883901796246869e-01 2.465087890016346983e-01 4.564354645876384176e+00
1.226115424732167614e-01 2.520032603873680888e-01 4.564354645876384176e+00
1.229355487105454475e-01 2.576948721274242016e-01 4.564354645876384176e+00
1.232604111481934994e-01 2.634089642915375395e-01 4.564354645876384176e+00
1.235861320487068871e-01 2.701983462125751023e-01 4.564354645876384176e+00
1.239127136806103674e-01 2.781113189093366023e-01 4.564354645876384176e+00
1.242401583184234160e-01 2.835339879796787699e-01 4.564354645876384176e+00
1.245684682426759643e-01 2.913003264031304718e-01 4.564354645876384176e+00
1.248976457399244011e-01 2.977317922537861539e-01 4.564354645876384176e+00
1.252276931027674345e-01 3.073556648947835535e-01 4.564354645876384176e+00
1.255586126298620653e-01 3.154912971431818591e-01 4.564354645876384176e+00
1.258904066259395049e-01 3.252517868580527272e-01 4.564354645876384176e+00
1.262230774018214541e-01 3.364391031169314261e-01 4.564354645876384176e+00
1.265566272744359511e-01 3.431362451471115516e-01 4.564354645876384176e+00
1.268910585668336921e-01 3.555229576537759506e-01 4.564354645876384176e+00
1.272263736082040742e-01 3.676059903896940484e-01 4.564354645876384176e+00
1.275625747338914873e-01 3.780990871312548407e-01 4.564354645876384176e+00
1.278996642854115795e-01 3.908166618805472559e-01 4.564354645876384176e+00
1.282376446104676049e-01 4.051345248997290649e-01 4.564354645876384176e+00
1.285765180629666327e-01 4.192555508775140383e-01 4.564354645876384176e+00
1.289162870030360897e-01 4.342108920655316506e-01 4.564354645876384176e+00
1.292569537970400806e-01 4.490947219273800917e-01 4.564354645876384176e+00
1.295985208175960135e-01 4.671336420891856744e-01 4.564354645876384176e+00
1.299409904435910035e-01 4.853528525145387462e-01 4.564354645876384176e+00
1.302843650601984704e-01 5.042456297292088330e-01 4.564354645876384176e+00
1.306286470588947091e-01 5.252617058616493306e-01 4.564354645876384176e+00
1.309738388374756812e-01 5.471928844966320593e-01 4.564354645876384176e+00
1.313199428000735858e-01 5.708472259151610162e-01 4.564354645876384176e+00
1.316669613571736508e-01 5.952657115775243923e-01 4.564354645876384176e+00
1.320148969256308980e-01 6.231796392542368057e-01 4.564354645876384176e+00
1.323637519286869901e-01 6.530962313271837516e-01 4.564354645876384176e+00
1.327135287959871068e-01 6.812549091087708453e-01 4.564354645876384176e+00
1.330642299635969306e-01 7.113098501140528995e-01 4.564354645876384176e+00
1.334158578740194945e-01 7.501272832636582955e-01 4.564354645876384176e+00
1.337684149762122243e-01 7.892882776418926882e-01 4.564354645876384176e+00
1.341219037256040358e-01 8.294381584485197578e-01 4.564354645876384176e+00
1.344763265841125432e-01 8.764997531694730393e-01 4.564354645876384176e+00
1.348316860201609069e-01 9.219174277694257569e-01 4.564354645876384176e+00
1.351879845086952636e-01 9.777424249733848161e-01 4.564354645876384176e+00
1.355452245312019077e-01 1.036890265824671920e+00 4.564354645876384176e+00
1.359034085757246102e-01 1.097015588589106638e+00 4.564354645876384176e+00
1.362625391368818550e-01 1.167356102388100947e+00 4.564354645876384176e+00
1.366226187158842698e-01 1.239200164909274315e+00 4.564354645876384176e+00
1.369836498205520281e-01 1.319117887917770515e+00 4.564354645876384176e+00
1.373456349653323916e-01 1.413988525006022012e+00 4.564354645876384176e+00
1.377085766713169457e-01 1.510431170574805915e+00 4.564354645876384176e+00
1.380724774662596965e-01 1.623932573216545716e+00 4.564354645876384176e+00
1.384373398845941405e-01 1.738177533920191031e+00 4.564354645876384176e+00
1.388031664674511112e-01 1.880907501341140486e+00 4.564354645876384176e+00
1.391699597626765150e-01 2.028901903277466445e+00 4.564354645876384176e+00
1.395377223248491505e-01 2.200545250302935241e+00 4.564354645876384176e+00
1.399064567152982774e-01 2.394000309087390477e+00 4.564354645876384176e+00
1.402761655021216303e-01 2.622148663258470513e+00 4.564354645876384176e+00
1.406468512602032095e-01 2.867027238478763174e+00 4.564354645876384176e+00
1.410185165712312672e-01 3.128589961147460130e+00 4.564354645876384176e+00
1.413911640237164036e-01 3.467128619031903725e+00 4.564354645876384176e+00
1.417647962130093031e-01 3.860092178341907765e+00 4.564354645876384176e+00
1.421394157413189974e-01 4.283468438531918387e+00 4.564354645876384176e+00
1.425150252177311005e-01 4.775940213299623593e+00 4.564354645876384176e+00
1.428916272582256008e-01 5.354658571468540629e+00 4.564354645876384176e+00
1.432692244856956509e-01 5.991408180367736591e+00 4.564354645876384176e+00
1.436478195299652205e-01 6.812191257513491749e+00 4.564354645876384176e+00
1.440274150278078591e-01 7.789184637956114265e+00 4.564354645876384176e+00
1.444080136229647648e-01 8.955239174417727099e+00 4.564354645876384176e+00
1.447896179661635752e-01 1.035464497106421078e+01 4.564354645876384176e+00
1.451722307151364078e-01 1.207556826776656855e+01 4.564354645876384176e+00
1.455558545346385124e-01 1.408901911084072900e+01 4.564354645876384176e+00
1.459404920964670060e-01 1.637084410460007078e+01 4.564354645876384176e+00
1.463261460794792190e-01 1.933320438958570264e+01 4.564354645876384176e+00
1.467128191696116246e-01 2.438195896549093078e+01 4.564354645876384176e+00
1.471005140598982408e-01 2.647933841200850935e+01 4.564354645876384176e+00
1.474892334504896707e-01 3.063704049216385883e+01 4.564354645876384176e+00
1.478789800486716433e-01 3.387313085084123543e+01 4.564354645876384176e+00
1.482697565688841368e-01 3.638199207807011248e+01 4.564354645876384176e+00
1.486615657327401419e-01 3.742151203091132317e+01 4.564354645876384176e+00
1.490544102690445072e-01 3.670678182419582214e+01 4.564354645876384176e+00
1.494482929138132021e-01 3.451213920162365412e+01 4.564354645876384176e+00
1.498432164102921071e-01 3.122804191797963824e+01 4.564354645876384176e+00
1.502391835089763872e-01 2.755876715151300971e+01 4.564354645876384176e+00
1.506361969676294488e-01 2.394227742828016048e+01 4.564354645876384176e+00
1.510342595513021191e-01 2.061280968834512350e+01 4.564354645876384176e+00
1.514333740323521305e-01 1.785474408227495857e+01 4.564354645876384176e+00
1.518335431904631883e-01 1.513837583720385638e+01 4.564354645876384176e+00
1.522347698126645110e-01 1.341257955014160075e+01 4.564354645876384176e+00
1.526370566933500927e-01 1.172721264832235200e+01 4.564354645876384176e+00
1.530404066342982705e-01 1.032945264661654328e+01 4.564354645876384176e+00
1.534448224446911258e-01 8.996625630657376860e+00 4.564354645876384176e+00
1.538503069411343294e-01 7.238843966729779922e+00 4.564354645876384176e+00
1.542568629476762654e-01 7.166392573469885008e+00 4.564354645876384176e+00
1.546644932958282093e-01 6.355014673386029322e+00 4.564354645876384176e+00
1.550732008245836735e-01 5.821535845965488676e+00 4.564354645876384176e+00
1.554829883804384472e-01 5.248857707019463525e+00 4.564354645876384176e+00
1.558938588174103024e-01 4.778020645131320521e+00 4.564354645876384176e+00
1.563058149970588118e-01 4.390636458845592394e+00 4.564354645876384176e+00
1.567188597885053603e-01 4.035594801991539526e+00 4.564354645876384176e+00
1.571329960684531013e-01 3.724590959627629427e+00 4.564354645876384176e+00
1.575482267212070520e-01 3.431416050782494231e+00 4.564354645876384176e+00
1.579645546386940491e-01 3.193085912789839220e+00 4.564354645876384176e+00
1.583819827204830111e-01 2.969121603626265316e+00 4.564354645876384176e+00
1.588005138738051436e-01 2.771761636005139362e+00 4.564354645876384176e+00
1.592201510135740072e-01 2.598125411464138335e+00 4.564354645876384176e+00
1.596408970624060564e-01 2.436603076110528843e+00 4.564354645876384176e+00
1.600627549506409009e-01 2.300610939382129239e+00 4.564354645876384176e+00
1.604857276163615398e-01 2.157615103458027761e+00 4.564354645876384176e+00
1.609098180054151783e-01 2.045656596287681150e+00 4.564354645876384176e+00
1.613350290714334057e-01 1.927255034263515299e+00 4.564354645876384176e+00
1.617613637758529566e-01 1.831763673025359251e+00 4.564354645876384176e+00
1.621888250879363613e-01 1.741675468844672947e+00 4.564354645876384176e+00
1.626174159847924294e-01 1.663128027371484574e+00 4.564354645876384176e+00
1.630471394513971217e-01 1.582196379236754380e+00 4.564354645876384176e+00
1.634779984806144781e-01 1.514853939485363510e+00 4.564354645876384176e+00
1.639099960732171291e-01 1.437247674337106096e+00 4.564354645876384176e+00
1.643431352379074450e-01 1.377890966675147544e+00 4.564354645876384176e+00
1.647774189913384646e-01 1.322945233129357634e+00 4.564354645876384176e+00
1.652128503581347108e-01 1.268448224769135546e+00 4.564354645876384176e+00
1.656494323709136185e-01 1.218902876437257587e+00 4.564354645876384176e+00
1.660871680703063236e-01 1.172439934432776720e+00 4.564354645876384176e+00
1.665260605049789511e-01 1.129901679423376271e+00 4.564354645876384176e+00
1.669661127316538207e-01 1.090808307210089367e+00 4.564354645876384176e+00
1.674073278151309296e-01 1.048847763527665622e+00 4.564354645876384176e+00
1.678497088283090466e-01 1.013195195354717137e+00 4.564354645876384176e+00
1.682932588522071116e-01 9.800606707939114592e-01 4.564354645876384176e+00
1.687379809759859128e-01 9.466406830602679401e-01 4.564354645876384176e+00
1.691838782969694033e-01 9.177462885750324872e-01 4.564354645876384176e+00
1.696309539206664885e-01 8.885557220064170814e-01 4.564354645876384176e+00
1.700792109607923430e-01 8.620757982015898602e-01 4.564354645876384176e+00
1.705286525392903374e-01 8.284714887240286485e-01 4.564354645876384176e+00
1.709792817863537151e-01 8.329086429192061880e-01 4.564354645876384176e+00
1.714311018404473252e-01 7.888826606088711335e-01 4.564354645876384176e+00
1.718841158483297160e-01 7.689932809461158536e-01 4.564354645876384176e+00
1.723383269650747007e-01 7.464814175017451259e-01 4.564354645876384176e+00
1.727937383540935623e-01 7.266920980354846238e-01 4.564354645876384176e+00
1.732503531871570357e-01 7.078100336379196111e-01 4.564354645876384176e+00
1.737081746444174291e-01 6.898553675430327825e-01 4.564354645876384176e+00
1.741672059144307450e-01 6.711229535012317449e-01 4.564354645876384176e+00
1.746274501941788015e-01 6.565369498296894646e-01 4.564354645876384176e+00
1.750889106890916314e-01 6.408928446244896993e-01 4.564354645876384176e+00
1.755515906130697135e-01 6.261603317721137207e-01 4.564354645876384176e+00
1.760154931885065388e-01 6.123998222371265232e-01 4.564354645876384176e+00
1.764806216463107313e-01 5.980891538278999553e-01 4.564354645876384176e+00
1.769469792259287799e-01 5.851894534642871903e-01 4.564354645876384176e+00
1.774145691753676313e-01 5.722366904222235817e-01 4.564354645876384176e+00
1.778833947512170610e-01 5.600761721850641139e-01 4.564354645876384176e+00
1.783534592186727663e-01 5.488091817353837332e-01 4.564354645876384176e+00
1.788247658515586258e-01 5.375330345070743476e-01 4.564354645876384176e+00
1.792973179323499033e-01 5.257492795853917489e-01 4.564354645876384176e+00
1.797711187521958132e-01 5.164628824217427638e-01 4.564354645876384176e+00
1.802461716109426682e-01 5.066311385737364281e-01 4.564354645876384176e+00
1.807224798171567781e-01 4.972842527146445479e-01 4.564354645876384176e+00
1.812000466881473482e-01 4.888144030523105532e-01 4.564354645876384176e+00
1.816788755499899044e-01 4.790653522684783505e-01 4.564354645876384176e+00
1.821589697375490258e-01 4.704572475433000944e-01 4.564354645876384176e+00
1.826403325945021305e-01 4.623158067273433480e-01 4.564354645876384176e+00
1.831229674733621526e-01 4.553953368560875736e-01 4.564354645876384176e+00
1.836068777355013282e-01 4.471065774164174611e-01 4.564354645876384176e+00
1.840920667511744546e-01 4.395361683222367977e-01 4.564354645876384176e+00
1.845785378995423720e-01 4.340232090609928983e-01 4.564354645876384176e+00
1.850662945686954719e-01 4.253689016839378723e-01 4.564354645876384176e+00
1.855553401556773174e-01 4.185935273113133293e-01 4.564354645876384176e+00
1.860456780665083465e-01 4.118179377562417587e-01 4.564354645876384176e+00
1.865373117162094085e-01 4.058825435522347980e-01 4.564354645876384176e+00
1.870302445288259396e-01 3.997443679933728733e-01 4.564354645876384176e+00
1.875244799374514160e-01 3.938169895937829179e-01 4.564354645876384176e+00
1.880200213842513346e-01 3.882601109734544753e-01 4.564354645876384176e+00
1.885168723204874441e-01 3.825916600587641048e-01 4.564354645876384176e+00
1.890150362065413925e-01 3.772916153648838700e-01 4.564354645876384176e+00
1.895145165119392350e-01 3.714224116504888373e-01 4.564354645876384176e+00
1.900153167153753042e-01 3.669586119249246825e-01 4.564354645876384176e+00
1.905174403047365239e-01 3.621310514558439553e-01 4.564354645876384176e+00
1.910208907771266673e-01 3.573614679796321414e-01 4.564354645876384176e+00
1.915256716388908653e-01 3.526382431226585679e-01 4.564354645876384176e+00
1.920317864056398649e-01 3.481349161377561563e-01 4.564354645876384176e+00
1.925392386022745095e-01 3.437721053806102045e-01 4.564354645876384176e+00
1.930480317630103859e-01 3.395625100372441363e-01 4.564354645876384176e+00
1.935581694314023882e-01 3.353602139636314705e-01 4.564354645876384176e+00
1.940696551603695030e-01 3.313243044974369389e-01 4.564354645876384176e+00
1.945824925122193183e-01 3.274127907469863152e-01 4.564354645876384176e+00
1.950966850586730306e-01 3.157338981830267732e-01 4.564354645876384176e+00
1.956122363808901754e-01 3.198312169123250226e-01 4.564354645876384176e+00
1.961291500694939127e-01 3.160949837666508500e-01 4.564354645876384176e+00
1.966474297245954517e-01 3.121193388108789435e-01 4.564354645876384176e+00
1.971670789558196690e-01 3.091888738051066232e-01 4.564354645876384176e+00
1.976881013823299504e-01 3.063138475413983430e-01 4.564354645876384176e+00
1.982105006328533925e-01 3.025742201073459703e-01 4.564354645876384176e+00
1.987342803457063656e-01 2.994248604183688545e-01 4.564354645876384176e+00
1.992594441688195495e-01 2.962679583133533967e-01 4.564354645876384176e+00
1.997859957597633018e-01 2.933523850354199380e-01 4.564354645876384176e+00
2.003139387857734710e-01 2.902134607147399681e-01 4.564354645876384176e+00
2.008432769237765703e-01 2.873651607844779909e-01 4.564354645876384176e+00
2.013740138604157015e-01 2.845025543844190707e-01 4.564354645876384176e+00
2.019061532920759794e-01 2.817687459884118950e-01 4.564354645876384176e+00
2.024396989249103440e-01 2.789266928527793232e-01 4.564354645876384176e+00
2.029746544748654846e-01 2.764006972669965090e-01 4.564354645876384176e+00
2.035110236677076245e-01 2.739693795593827752e-01 4.564354645876384176e+00
2.040488102390484448e-01 2.712657390176995142e-01 4.564354645876384176e+00
2.045880179343711747e-01 2.688716049017126353e-01 4.564354645876384176e+00
2.051286505090566259e-01 2.663600581462777228e-01 4.564354645876384176e+00
2.056707117284092556e-01 2.643347411705446737e-01 4.564354645876384176e+00
2.062142053676838116e-01 2.617320734793321391e-01 4.564354645876384176e+00
2.067591352121109782e-01 2.594325353674516443e-01 4.564354645876384176e+00
2.073055050569242719e-01 2.572771294758012806e-01 4.564354645876384176e+00
2.078533187073861310e-01 2.550325337614452459e-01 4.564354645876384176e+00
2.084025799788146727e-01 2.529410259555692209e-01 4.564354645876384176e+00
2.089532926966101989e-01 2.509294199713743567e-01 4.564354645876384176e+00
2.095054606962816479e-01 2.489171569313144983e-01 4.564354645876384176e+00
2.100590878234735170e-01 2.469241576244578240e-01 4.564354645876384176e+00
2.106141779339925912e-01 2.449644065649901614e-01 4.564354645876384176e+00
2.111707348938348661e-01 2.432807345997523019e-01 4.564354645876384176e+00
2.117287625792122763e-01 2.411418780401924644e-01 4.564354645876384176e+00
2.122882648765798685e-01 2.394586364932530520e-01 4.564354645876384176e+00
2.128492456826627799e-01 2.375240569463290541e-01 4.564354645876384176e+00
2.134117089044833826e-01 2.357319835564757327e-01 4.564354645876384176e+00
2.139756584593887068e-01 2.340123549820808391e-01 4.564354645876384176e+00
2.145410982750773077e-01 2.324651226556189720e-01 4.564354645876384176e+00
2.151080322896270214e-01 2.306813687842191873e-01 4.564354645876384176e+00
2.156764644515219986e-01 2.290127377128900465e-01 4.564354645876384176e+00
2.162463987196807658e-01 2.272239049046931303e-01 4.564354645876384176e+00
2.168178390634832031e-01 2.258442995802842079e-01 4.564354645876384176e+00
2.173907894627984949e-01 2.244586928108870394e-01 4.564354645876384176e+00
2.179652539080128570e-01 2.228451751383786483e-01 4.564354645876384176e+00
2.185412364000571539e-01 2.212675255138397135e-01 4.564354645876384176e+00
2.191187409504350703e-01 2.198562346216980101e-01 4.564354645876384176e+00
2.196977715812507559e-01 2.183550643135162006e-01 4.564354645876384176e+00
2.202783323252368586e-01 2.171060002977352188e-01 4.564354645876384176e+00
2.208604272257828627e-01 2.155819136584397056e-01 4.564354645876384176e+00
2.214440603369628446e-01 2.142656929326544335e-01 4.564354645876384176e+00
2.220292357235642833e-01 2.129139420484380540e-01 4.564354645876384176e+00
2.226159574611157876e-01 2.115794766847843844e-01 4.564354645876384176e+00
2.232042296359157407e-01 2.103286690337319020e-01 4.564354645876384176e+00
2.237940563450607767e-01 2.090627575590433551e-01 4.564354645876384176e+00
2.243854416964743692e-01 2.077783695940384201e-01 4.564354645876384176e+00
2.249783898089352252e-01 2.065433471179103087e-01 4.564354645876384176e+00
2.255729048121061786e-01 2.053365630217354465e-01 4.564354645876384176e+00
2.261689908465628063e-01 2.041447135252886513e-01 4.564354645876384176e+00
2.267666520638223215e-01 2.030339545197378803e-01 4.564354645876384176e+00
2.273658926263727176e-01 2.018630775555292356e-01 4.564354645876384176e+00
2.279667167077012724e-01 2.007278447035086011e-01 4.564354645876384176e+00
2.285691284923239974e-01 1.996319410131477956e-01 4.564354645876384176e+00
2.291731321758145590e-01 1.985523752800670005e-01 4.564354645876384176e+00
2.297787319648339210e-01 1.974890366733045299e-01 4.564354645876384176e+00
2.303859320771589336e-01 1.964067346667763558e-01 4.564354645876384176e+00
2.309947367417123087e-01 1.953695919459223496e-01 4.564354645876384176e+00
2.316051501985918748e-01 1.943324345511869833e-01 4.564354645876384176e+00
2.322171766990999697e-01 1.933000677066616102e-01 4.564354645876384176e+00
2.328308205057733893e-01 1.922285463885916867e-01 4.564354645876384176e+00
2.334460858924126969e-01 1.913800249075663096e-01 4.564354645876384176e+00
2.340629771441121443e-01 1.904145889874473419e-01 4.564354645876384176e+00
2.346814985572897028e-01 1.894379398184205809e-01 4.564354645876384176e+00
2.353016544397165677e-01 1.885105906929261665e-01 4.564354645876384176e+00
2.359234491105476339e-01 1.876410323985208684e-01 4.564354645876384176e+00
2.365468869003512775e-01 1.868480323504798091e-01 4.564354645876384176e+00
2.371719721511394152e-01 1.858209294905309727e-01 4.564354645876384176e+00
2.377987092163981186e-01 1.848015627675479167e-01 4.564354645876384176e+00
2.384271024611177570e-01 1.838519610577257768e-01 4.564354645876384176e+00
2.390571562618231671e-01 1.832987672606092300e-01 4.564354645876384176e+00
2.396888750066045182e-01 1.823559150044362365e-01 4.564354645876384176e+00
2.403222630951476479e-01 1.815227031506068678e-01 4.564354645876384176e+00
2.409573249387646499e-01 1.807274850186060267e-01 4.564354645876384176e+00
2.415940649604249035e-01 1.799378656253182718e-01 4.564354645876384176e+00
2.422324875947854950e-01 1.791430317257952098e-01 4.564354645876384176e+00
2.428725972882223583e-01 1.783507151836609683e-01 4.564354645876384176e+00
2.435143984988610844e-01 1.775605908399725819e-01 4.564354645876384176e+00
2.441578956966082570e-01 1.768194406065677626e-01 4.564354645876384176e+00
2.448030933631821504e-01 1.762580645621303344e-01 4.564354645876384176e+00
2.454499959921442875e-01 1.753104932227231016e-01 4.564354645876384176e+00
2.460986080889305538e-01 1.752449315536972196e-01 4.564354645876384176e+00
2.467489341708827000e-01 1.739841619914791748e-01 4.564354645876384176e+00
2.474009787672797334e-01 1.731805904107656113e-01 4.564354645876384176e+00
2.480547464193695040e-01 1.723978847893612998e-01 4.564354645876384176e+00
2.487102416804002070e-01 1.717859580213125514e-01 4.564354645876384176e+00
2.493674691156523016e-01 1.711103027319705316e-01 4.564354645876384176e+00
2.500264333024700414e-01 1.703194658248844418e-01 4.564354645876384176e+00
2.506871388302936987e-01 1.697903460542764531e-01 4.564354645876384176e+00
2.513495903006912613e-01 1.691361710882818836e-01 4.564354645876384176e+00
2.520137923273905178e-01 1.684172463358213634e-01 4.564354645876384176e+00
2.526797495363111712e-01 1.678423331126420448e-01 4.564354645876384176e+00
2.533474665655973679e-01 1.663125814542633363e-01 4.564354645876384176e+00
2.540169480656495060e-01 1.663071328597170995e-01 4.564354645876384176e+00
2.546881986991568758e-01 1.659463106073785221e-01 4.564354645876384176e+00
2.553612231411302447e-01 1.653947572592872062e-01 4.564354645876384176e+00
2.560360260789341647e-01 1.645580158562251760e-01 4.564354645876384176e+00
2.567126122123199461e-01 1.642045003042952589e-01 4.564354645876384176e+00
2.573909862534580761e-01 1.637273825246169656e-01 4.564354645876384176e+00
2.580711529269710258e-01 1.630316168171521141e-01 4.564354645876384176e+00
2.587531169699664457e-01 1.624518315855975059e-01 4.564354645876384176e+00
2.594368831320699731e-01 1.622410783375696774e-01 4.564354645876384176e+00
2.601224561754583164e-01 1.613332818585694051e-01 4.564354645876384176e+00
2.608098408748923958e-01 1.608412289907020232e-01 4.564354645876384176e+00
2.614990420177507047e-01 1.602898334238467837e-01 4.564354645876384176e+00
2.621900644040625616e-01 1.618356177360309456e-01 4.564354645876384176e+00
2.628829128465416387e-01 1.592334657097202733e-01 4.564354645876384176e+00
2.635775921706192682e-01 1.586721454921530550e-01 4.564354645876384176e+00
2.642741072144783043e-01 1.582036250335708272e-01 4.564354645876384176e+00
2.649724628290866524e-01 1.579967955293844484e-01 4.564354645876384176e+00
2.656726638782310190e-01 1.571914959615798857e-01 4.564354645876384176e+00
2.663747152385511630e-01 1.567403570148743486e-01 4.564354645876384176e+00
2.670786217995733125e-01 1.561946971482484625e-01 4.564354645876384176e+00
2.677843884637444716e-01 1.557727176188890283e-01 4.564354645876384176e+00
2.684920201464667255e-01 1.552318686008412885e-01 4.564354645876384176e+00
2.692015217761313250e-01 1.547785799418799346e-01 4.564354645876384176e+00
2.699128982941527699e-01 1.542951006578744400e-01 4.564354645876384176e+00
2.706261546550036701e-01 1.538446912649689413e-01 4.564354645876384176e+00
2.713412958262490515e-01 1.531359909850291134e-01 4.564354645876384176e+00
2.720583267885807732e-01 1.529446008667671164e-01 4.564354645876384176e+00
2.727772525358525546e-01 1.524986149317564543e-01 4.564354645876384176e+00
2.734980780751144480e-01 1.527047346373731351e-01 4.564354645876384176e+00
2.742208084266480328e-01 1.516491143968108357e-01 4.564354645876384176e+00
2.749454486240009987e-01 1.509766907752303489e-01 4.564354645876384176e+00
2.756720037140225621e-01 1.507960988526450274e-01 4.564354645876384176e+00
2.764004787568982713e-01 1.503764256962419610e-01 4.564354645876384176e+00
2.771308788261855338e-01 1.499202120757059387e-01 4.564354645876384176e+00
2.778632090088490880e-01 1.496454619721205304e-01 4.564354645876384176e+00
2.785974744052956420e-01 1.491348461463702091e-01 4.564354645876384176e+00
2.793336801294106220e-01 1.488525454501837542e-01 4.564354645876384176e+00
2.800718313085923672e-01 1.483052995636006954e-01 4.564354645876384176e+00
2.808119330837890448e-01 1.479860405697868975e-01 4.564354645876384176e+00
2.815539906095343436e-01 1.475329504802214142e-01 4.564354645876384176e+00
2.822980090539820575e-01 1.463669637085969200e-01 4.564354645876384176e+00
2.830439935989439992e-01 1.466666728214540139e-01 4.564354645876384176e+00
2.837919494399244735e-01 1.464243973404437404e-01 4.564354645876384176e+00
2.845418817861575245e-01 1.460567407007191953e-01 4.564354645876384176e+00
2.852937958606427959e-01 1.456169425302965281e-01 4.564354645876384176e+00
2.860476969001816139e-01 1.327953917033795062e-01 4.564354645876384176e+00
2.868035901554142342e-01 1.449000093426946745e-01 4.564354645876384176e+00
2.875614808908554254e-01 1.446051439705030306e-01 4.564354645876384176e+00
2.883213743849319943e-01 1.440116810913136258e-01 4.564354645876384176e+00
2.890832759300195343e-01 1.438536054538477604e-01 4.564354645876384176e+00
2.898471908324780633e-01 1.438086438237182185e-01 4.564354645876384176e+00
2.906131244126907709e-01 1.431945614525113319e-01 4.564354645876384176e+00
2.913810820050998784e-01 1.428586984494264744e-01 4.564354645876384176e+00
2.921510689582437759e-01 1.425299956407517221e-01 4.564354645876384176e+00
2.929230906347951024e-01 1.421031253543486028e-01 4.564354645876384176e+00
2.936971524115971621e-01 1.417094319484538956e-01 4.564354645876384176e+00
2.944732596797021151e-01 1.415485323078793378e-01 4.564354645876384176e+00
2.952514178444081705e-01 1.412149896216282341e-01 4.564354645876384176e+00
2.960316323252969450e-01 1.408935714987871457e-01 4.564354645876384176e+00
2.968139085562720991e-01 1.405653508960447162e-01 4.564354645876384176e+00
2.975982519855959740e-01 1.392365100907595465e-01 4.564354645876384176e+00
2.983846680759285608e-01 1.400125524420701151e-01 4.564354645876384176e+00
2.991731623043653032e-01 1.395870816812389836e-01 4.564354645876384176e+00
2.999637401624745126e-01 1.391943648345409790e-01 4.564354645876384176e+00
3.007564071563370023e-01 1.390884278558968679e-01 4.564354645876384176e+00
3.015511688065829476e-01 1.386473658643608275e-01 4.564354645876384176e+00
3.023480306484312985e-01 1.385496453670866934e-01 4.564354645876384176e+00
3.031469982317283041e-01 1.382126572851566093e-01 4.564354645876384176e+00
3.039480771209853160e-01 1.378782534484193079e-01 4.564354645876384176e+00
3.047512728954188677e-01 1.376267230957853305e-01 4.564354645876384176e+00
3.055565911489880881e-01 1.373330062023236098e-01 4.564354645876384176e+00
3.063640374904349484e-01 1.370465169668102501e-01 4.564354645876384176e+00
3.071736175433226190e-01 1.367731241112454810e-01 4.564354645876384176e+00
3.079853369460744950e-01 1.364955085089676612e-01 4.564354645876384176e+00
3.087992013520139967e-01 1.362241231865286284e-01 4.564354645876384176e+00
3.096152164294038722e-01 1.359827535408361654e-01 4.564354645876384176e+00
3.104333878614849995e-01 1.357149390002489187e-01 4.564354645876384176e+00
3.112537213465169650e-01 1.354581661799318104e-01 4.564354645876384176e+00
3.120762225978168658e-01 1.351929927804603748e-01 4.564354645876384176e+00
3.129008973437996666e-01 1.353818943666703911e-01 4.564354645876384176e+00
3.137277513280180008e-01 1.346499594772599673e-01 4.564354645876384176e+00
3.145567903092018058e-01 1.344432413144040217e-01 4.564354645876384176e+00
3.153880200612991236e-01 1.343313557101867561e-01 4.564354645876384176e+00
3.162214463735152914e-01 1.338540065930010625e-01 4.564354645876384176e+00
3.170570750503545199e-01 1.336910685232511331e-01 4.564354645876384176e+00
3.178949119116594169e-01 1.333581965338877517e-01 4.564354645876384176e+00
3.187349627926513995e-01 1.332774936295874069e-01 4.564354645876384176e+00
3.195772335439724943e-01 1.329810963121720591e-01 4.564354645876384176e+00
3.204217300317244166e-01 1.327171142856469477e-01 4.564354645876384176e+00
3.212684581375109816e-01 1.325172437072750786e-01 4.564354645876384176e+00
3.221174237584782940e-01 1.323664560255211620e-01 4.564354645876384176e+00
3.229686328073554380e-01 1.319264986877408952e-01 4.564354645876384176e+00
3.238220912124967210e-01 1.317750093948662493e-01 4.564354645876384176e+00
3.246778049179219749e-01 1.315855637879154438e-01 4.564354645876384176e+00
3.255357798833584670e-01 1.313537099929747154e-01 4.564354645876384176e+00
3.263960220842827553e-01 1.310992429334118248e-01 4.564354645876384176e+00
3.272585375119608231e-01 1.310137902684531119e-01 4.564354645876384176e+00
3.281233321734919328e-01 1.306465735077201595e-01 4.564354645876384176e+00
3.289904120918488162e-01 1.305230916938013574e-01 4.564354645876384176e+00
3.298597833059200291e-01 1.302270258252270774e-01 4.564354645876384176e+00
3.307314518705525841e-01 1.300717285413184598e-01 4.564354645876384176e+00
3.316054238565931955e-01 1.295814063172823494e-01 4.564354645876384176e+00
3.324817053509314668e-01 1.296401384973988880e-01 4.564354645876384176e+00
3.333603024565418016e-01 1.294028883791795703e-01 4.564354645876384176e+00
3.342412212925255921e-01 1.292255951494578337e-01 4.564354645876384176e+00
3.351244679941548510e-01 1.289985100493827030e-01 4.564354645876384176e+00
3.360100487129135671e-01 1.288182568566179353e-01 4.564354645876384176e+00
3.368979696165419480e-01 1.286006945089070153e-01 4.564354645876384176e+00
3.377882368890785525e-01 1.284719576506897498e-01 4.564354645876384176e+00
3.386808567309031459e-01 1.281724404013495633e-01 4.564354645876384176e+00
3.395758353587808309e-01 1.280011931986821394e-01 4.564354645876384176e+00
3.404731790059041252e-01 1.278149838567947394e-01 4.564354645876384176e+00
3.413728939219375369e-01 1.277747112207184566e-01 4.564354645876384176e+00
3.422749863730607522e-01 1.274517740267538668e-01 4.564354645876384176e+00
3.431794626420113237e-01 1.272696560148406097e-01 4.564354645876384176e+00
3.440863290281300779e-01 1.270720433961963214e-01 4.564354645876384176e+00
3.449955918474032490e-01 1.269188497714814345e-01 4.564354645876384176e+00
3.459072574325080529e-01 1.267100554774857057e-01 4.564354645876384176e+00
3.468213321328559307e-01 1.265304748250281608e-01 4.564354645876384176e+00
3.477378223146365688e-01 1.263808818157120262e-01 4.564354645876384176e+00
3.486567343608629743e-01 1.261766856704582551e-01 4.564354645876384176e+00
3.495780746714151621e-01 1.259223121146057778e-01 4.564354645876384176e+00
3.505018496630854519e-01 1.258954817111808400e-01 4.564354645876384176e+00
3.514280657696228771e-01 1.256473535810296305e-01 4.564354645876384176e+00
3.523567294417773166e-01 1.255049516876440285e-01 4.564354645876384176e+00
3.532878471473457349e-01 1.253141777847017746e-01 4.564354645876384176e+00
3.542214253712162586e-01 1.250873304236967964e-01 4.564354645876384176e+00
3.551574706154132510e-01 1.251217752429530372e-01 4.564354645876384176e+00
3.560959893991437752e-01 1.247959440460984920e-01 4.564354645876384176e+00
3.570369882588411148e-01 1.246693151642334074e-01 4.564354645876384176e+00
3.579804737482123467e-01 1.245046616502862302e-01 4.564354645876384176e+00
3.589264524382825838e-01 1.242924096165175796e-01 4.564354645876384176e+00
3.598749309174408828e-01 1.241066350102164872e-01 4.564354645876384176e+00
3.608259157914869841e-01 1.240565395539985349e-01 4.564354645876384176e+00
3.617794136836761099e-01 1.238285789918626145e-01 4.564354645876384176e+00
3.627354312347660370e-01 1.236842000533704411e-01 4.564354645876384176e+00
3.636939751030634493e-01 1.237621409844514991e-01 4.564354645876384176e+00
3.646550519644689015e-01 1.233666810700896899e-01 4.564354645876384176e+00
3.656186685125253355e-01 1.232318500644718345e-01 4.564354645876384176e+00
3.665848314584627121e-01 1.230690220345611319e-01 4.564354645876384176e+00
3.675535475312464717e-01 1.229323238144906377e-01 4.564354645876384176e+00
3.685248234776234422e-01 1.226954417777489786e-01 4.564354645876384176e+00
3.694986660621686347e-01 1.225967179003899649e-01 4.564354645876384176e+00
3.704750820673333722e-01 1.225004633615526389e-01 4.564354645876384176e+00
3.714540782934910856e-01 1.223731994805520168e-01 4.564354645876384176e+00
3.724356615589862196e-01 1.221583557358036920e-01 4.564354645876384176e+00
3.734198387001808617e-01 1.220650900508213899e-01 4.564354645876384176e+00
3.744066165715019823e-01 1.219085705432504246e-01 4.564354645876384176e+00
3.753960020454901181e-01 1.217847233829931902e-01 4.564354645876384176e+00
3.763880020128469450e-01 1.216630775639357537e-01 4.564354645876384176e+00
3.773826233824824072e-01 1.215087375757921695e-01 4.564354645876384176e+00
3.783798730815644551e-01 1.213757681764160157e-01 4.564354645876384176e+00
3.793797580555653415e-01 1.213827676090542540e-01 4.564354645876384176e+00
3.803822852683119704e-01 1.210786573466501315e-01 4.564354645876384176e+00
3.813874617020331925e-01 1.209449888431160108e-01 4.564354645876384176e+00
3.823952943574080998e-01 1.323798216105491754e-01 4.564354645876384176e+00
3.834057902536162077e-01 1.207535337135277748e-01 4.564354645876384176e+00
