2.738612787525830303e-02 5.506880643347221715e-01 5.477225575051661188e+00
2.745849688774178524e-02 5.727135023413458814e-01 5.477225575051661188e+00
2.753105713843142024e-02 5.018618287983415138e-01 5.477225575051661188e+00
2.760380913268230263e-02 5.225191625224100411e-01 5.477225575051661188e+00
2.767675337718500730e-02 4.243690653968339999e-01 5.477225575051661188e+00
2.774989037996901386e-02 4.126163527530860020e-01 5.477225575051661188e+00
2.782322065040631828e-02 3.665830586867905860e-01 5.477225575051661188e+00
2.789674469921496480e-02 3.510674860859314128e-01 5.477225575051661188e+00
2.797046303846255355e-02 3.187215698308946132e-01 5.477225575051661188e+00
2.804437618156989040e-02 2.979409804208982271e-01 5.477225575051661188e+00
2.811848464331445988e-02 2.780953263991371438e-01 5.477225575051661188e+00
2.819278893983413053e-02 2.661240353840921280e-01 5.477225575051661188e+00
2.826728958863066257e-02 2.543559773029165361e-01 5.477225575051661188e+00
2.834198710857330564e-02 2.307591455376096501e-01 5.477225575051661188e+00
2.841688201990248686e-02 2.216520289482394046e-01 5.477225575051661188e+00
2.849197484423339477e-02 2.206740216821727607e-01 5.477225575051661188e+00
2.856726610455954593e-02 2.151874659532579115e-01 5.477225575051661188e+00
2.864275632525657700e-02 2.071926270760423294e-01 5.477225575051661188e+00
2.871844603208573155e-02 1.792758208383908591e-01 5.477225575051661188e+00
2.879433575219763480e-02 1.915404974824774509e-01 5.477225575051661188e+00
2.887042601413596088e-02 1.959788936543881144e-01 5.477225575051661188e+00
2.894671734784101322e-02 1.715184400318164881e-01 5.477225575051661188e+00
2.902321028465355141e-02 1.702548275493839802e-01 5.477225575051661188e+00
2.909990535731837163e-02 1.706816240405900631e-01 5.477225575051661188e+00
2.917680309998810576e-02 3.357044924676210185e-01 5.477225575051661188e+00
2.925390404822691276e-02 1.756013323152158245e-01 5.477225575051661188e+00
2.933120873901415640e-02 1.777341582489871674e-01 5.477225575051661188e+00
2.940871771074825627e-02 1.762839734063903763e-01 5.477225575051661188e+00
2.948643150325030646e-02 1.736128046381777978e-01 5.477225575051661188e+00
2.956435065776794741e-02 1.778688074540540620e-01 5.477225575051661188e+00
2.964247571697909561e-02 1.782516173977262419e-01 5.477225575051661188e+00
2.972080722499565938e-02 1.967921037970877529e-01 5.477225575051661188e+00
2.979934572736745932e-02 1.846815406491180422e-01 5.477225575051661188e+00
2.987809177108588857e-02 1.778440451655430021e-01 5.477225575051661188e+00
2.995704590458782984e-02 1.927058082557402408e-01 5.477225575051661188e+00
3.003620867775944406e-02 1.986946208776498579e-01 5.477225575051661188e+00
3.011558064193993467e-02 2.053112132729897343e-01 5.477225575051661188e+00
3.019516234992550979e-02 2.124839641773286769e-01 5.477225575051661188e+00
3.027495435597309797e-02 2.201977300066105259e-01 5.477225575051661188e+00
3.035495721580432418e-02 2.486452747447221723e-01 5.477225575051661188e+00
3.043517148660933661e-02 2.210469774706406432e-01 5.477225575051661188e+00
3.051559772705062651e-02 2.332036968398457644e-01 5.477225575051661188e+00
3.059623649726702851e-02 2.462686674409350074e-01 5.477225575051661188e+00
3.067708835887756474e-02 2.616982097351015502e-01 5.477225575051661188e+00
3.075815387498530978e-02 2.848773635296184548e-01 5.477225575051661188e+00
3.083943361018143606e-02 3.086053554267259025e-01 5.477225575051661188e+00
3.092092813054899553e-02 3.262337898919590584e-01 5.477225575051661188e+00
3.100263800366699282e-02 3.488349801114200011e-01 5.477225575051661188e+00
3.108456379861428837e-02 3.757793068691218652e-01 5.477225575051661188e+00
3.116670608597350151e-02 4.021513011871007959e-01 5.477225575051661188e+00
3.124906543783510793e-02 4.605316563346903425e-01 5.477225575051661188e+00
3.133164242780130115e-02 4.689564561812667454e-01 5.477225575051661188e+00
3.141443763099006914e-02 5.134420421678120849e-01 5.477225575051661188e+00
3.149745162403919801e-02 5.738729353699861813e-01 5.477225575051661188e+00
3.158068498511019950e-02 5.920810141459592613e-01 5.477225575051661188e+00
3.166413829389248119e-02 6.411442898929416989e-01 5.477225575051661188e+00
3.174781213160721843e-02 6.725111599518026617e-01 5.477225575051661188e+00
3.183170708101156626e-02 6.973463485496947944e-01 5.477225575051661188e+00
3.191582372640260068e-02 7.182000501334334652e-01 5.477225575051661188e+00
3.200016265362142648e-02 7.348385236356700378e-01 5.477225575051661188e+00
3.208472445005728507e-02 7.487006884645375226e-01 5.477225575051661188e+00
3.216950970465156517e-02 7.946243778216225406e-01 5.477225575051661188e+00
3.225451900790202164e-02 7.712224218100932616e-01 5.477225575051661188e+00
3.233975295186680005e-02 7.567432269813957335e-01 5.477225575051661188e+00
3.242521213016855836e-02 7.849266939710864976e-01 5.477225575051661188e+00
3.251089713799866499e-02 6.317833495039538727e-01 5.477225575051661188e+00
3.259680857212131355e-02 7.445960842593337681e-01 5.477225575051661188e+00
3.268294703087760988e-02 6.107551022731906309e-01 5.477225575051661188e+00
3.276931311418988108e-02 6.781813891524594018e-01 5.477225575051661188e+00
3.285590742356571392e-02 6.413552557454028635e-01 5.477225575051661188e+00
3.294273056210222234e-02 6.189208290774179666e-01 5.477225575051661188e+00
3.302978313449028008e-02 5.646406712466732758e-01 5.477225575051661188e+00
3.311706574701858002e-02 5.267576181937509983e-01 5.477225575051661188e+00
3.320457900757806807e-02 5.395447676097415712e-01 5.477225575051661188e+00
3.329232352566596775e-02 4.539867198556726824e-01 5.477225575051661188e+00
3.338029991239020722e-02 4.271938192547646840e-01 5.477225575051661188e+00
3.346850878047356870e-02 4.170524867308889605e-01 5.477225575051661188e+00
3.355695074425794205e-02 3.771996945291370418e-01 5.477225575051661188e+00
3.364562641970869628e-02 3.457169885611845461e-01 5.477225575051661188e+00
3.373453642441887057e-02 3.361893674643546270e-01 5.477225575051661188e+00
3.382368137761354587e-02 3.185008652149599606e-01 5.477225575051661188e+00
3.391306190015415389e-02 2.942490980689176361e-01 5.477225575051661188e+00
3.400267861454270985e-02 2.871742216418181615e-01 5.477225575051661188e+00
3.409253214492629497e-02 2.716330903991277523e-01 5.477225575051661188e+00
3.418262311710125456e-02 2.608334285172446698e-01 5.477225575051661188e+00
3.427295215851768051e-02 2.486364086683290342e-01 5.477225575051661188e+00
3.436351989828372727e-02 2.449972442851634236e-01 5.477225575051661188e+00
3.445432696716994869e-02 3.275334793154135449e-01 5.477225575051661188e+00
3.454537399761377359e-02 2.052861271737441984e-01 5.477225575051661188e+00
3.463666162372389806e-02 2.174542600474320131e-01 5.477225575051661188e+00
3.472819048128459457e-02 2.120350570122652989e-01 5.477225575051661188e+00
3.481996120776031239e-02 2.009864535207672165e-01 5.477225575051661188e+00
3.491197444229995200e-02 2.030019285212676938e-01 5.477225575051661188e+00
3.500423082574146555e-02 1.949475790206248449e-01 5.477225575051661188e+00
3.509673100061620060e-02 1.975136532895548358e-01 5.477225575051661188e+00
3.518947561115341044e-02 1.936739878171011287e-01 5.477225575051661188e+00
3.528246530328481290e-02 1.890271917034684612e-01 5.477225575051661188e+00
3.537570072464894105e-02 1.680143266007479430e-01 5.477225575051661188e+00
3.546918252459580617e-02 1.803763891190893198e-01 5.477225575051661188e+00
3.556291135419135940e-02 1.784005904256125152e-01 5.477225575051661188e+00
3.565688786622194656e-02 1.463730444823892196e-01 5.477225575051661188e+00
3.575111271519902656e-02 1.756958322705087228e-01 5.477225575051661188e+00
3.584558655736355681e-02 1.757605254333527434e-01 5.477225575051661188e+00
3.594031005069067697e-02 1.764306679228421493e-01 5.477225575051661188e+00
3.603528385489426777e-02 1.773070464594573570e-01 5.477225575051661188e+00
3.613050863143147523e-02 1.767690210108011639e-01 5.477225575051661188e+00
3.622598504350743598e-02 1.326733802691791031e-01 5.477225575051661188e+00
3.632171375607979452e-02 1.805279249764405181e-01 5.477225575051661188e+00
3.641769543586337310e-02 1.819906919812541435e-01 5.477225575051661188e+00
3.651393075133486932e-02 1.833445540403260132e-01 5.477225575051661188e+00
3.661042037273738031e-02 1.863593954959577026e-01 5.477225575051661188e+00
3.670716497208521834e-02 1.941775274730094258e-01 5.477225575051661188e+00
3.680416522316848349e-02 1.963135779407237380e-01 5.477225575051661188e+00
3.690142180155779605e-02 1.982909124681900559e-01 5.477225575051661188e+00
3.699893538460902881e-02 2.068169825711315135e-01 5.477225575051661188e+00
3.709670665146795610e-02 2.092905008219114182e-01 5.477225575051661188e+00
3.719473628307504859e-02 2.151624395229456699e-01 5.477225575051661188e+00
3.729302496217020563e-02 2.222782299880138313e-01 5.477225575051661188e+00
3.739157337329745284e-02 2.302462615928717871e-01 5.477225575051661188e+00
3.749038220280980632e-02 2.332124384236420045e-01 5.477225575051661188e+00
3.758945213887392861e-02 2.469423586731739340e-01 5.477225575051661188e+00
3.768878387147506226e-02 2.566011259202524708e-01 5.477225575051661188e+00
3.778837809242174828e-02 3.112197266219797198e-01 5.477225575051661188e+00
3.788823549535061397e-02 2.781485692502502771e-01 5.477225575051661188e+00
3.798835677573131342e-02 2.891418042830660173e-01 5.477225575051661188e+00
3.808874263087128759e-02 3.092724122142203047e-01 5.477225575051661188e+00
3.818939375992060070e-02 3.274217916653752725e-01 5.477225575051661188e+00
3.829031086387694321e-02 3.438478654598299822e-01 5.477225575051661188e+00
3.839149464559030861e-02 3.708095174882968248e-01 5.477225575051661188e+00
3.849294580976810043e-02 3.848777740898294275e-01 5.477225575051661188e+00
3.859466506297987154e-02 4.070698008697103409e-01 5.477225575051661188e+00
3.869665311366234789e-02 4.332482221843294012e-01 5.477225575051661188e+00
3.879891067212435513e-02 4.618891470330032667e-01 5.477225575051661188e+00
3.890143845055167582e-02 4.870874564231159054e-01 5.477225575051661188e+00
3.900423716301210791e-02 5.249416056519776719e-01 5.477225575051661188e+00
3.910730752546044686e-02 5.492926902788317634e-01 5.477225575051661188e+00
3.921065025574334284e-02 5.821711290944862061e-01 5.477225575051661188e+00
3.931426607360445635e-02 6.194923421159170829e-01 5.477225575051661188e+00
3.941815570068935015e-02 6.646157419576199654e-01 5.477225575051661188e+00
3.952231986055059626e-02 6.894437237815222996e-01 5.477225575051661188e+00
3.962675927865282749e-02 6.391890090956761084e-01 5.477225575051661188e+00
3.973147468237762936e-02 7.294724602711352146e-01 5.477225575051661188e+00
3.983646680102886223e-02 7.652121876841168069e-01 5.477225575051661188e+00
3.994173636583747689e-02 7.920321782387156340e-01 5.477225575051661188e+00
4.004728410996682975e-02 7.956111172818197685e-01 5.477225575051661188e+00
4.015311076851766497e-02 8.037564440807132282e-01 5.477225575051661188e+00
4.025921707853320763e-02 8.182861478962535351e-01 5.477225575051661188e+00
4.036560377900445112e-02 8.116437988328775166e-01 5.477225575051661188e+00
4.047227161087511155e-02 7.941168872237395204e-01 5.477225575051661188e+00
4.057922131704691515e-02 7.833528213926277406e-01 5.477225575051661188e+00
4.068645364238477474e-02 7.663680011133685577e-01 5.477225575051661188e+00
4.079396933372187589e-02 7.488523619458195002e-01 5.477225575051661188e+00
4.090176913986499213e-02 7.155883239466971357e-01 5.477225575051661188e+00
4.100985381159960586e-02 6.936523667524822079e-01 5.477225575051661188e+00
4.111822410169523739e-02 6.556277528041219993e-01 5.477225575051661188e+00
4.122688076491060061e-02 6.265555621204097481e-01 5.477225575051661188e+00
4.133582455799886951e-02 5.932308514299611257e-01 5.477225575051661188e+00
4.144505623971301428e-02 5.834391138226088236e-01 5.477225575051661188e+00
4.155457657081103318e-02 5.844517900465917570e-01 5.477225575051661188e+00
4.166438631406122611e-02 5.047657480051830348e-01 5.477225575051661188e+00
4.177448623424759311e-02 5.201738406222236044e-01 5.477225575051661188e+00
4.188487709817504540e-02 4.556253791540766374e-01 5.477225575051661188e+00
4.199555967467488715e-02 4.328602295395987398e-01 5.477225575051661188e+00
4.210653473460999885e-02 4.125175417710766901e-01 5.477225575051661188e+00
4.221780305088038143e-02 3.858164725196075451e-01 5.477225575051661188e+00
4.232936539842843682e-02 3.623276204988639670e-01 5.477225575051661188e+00
4.244122255424433166e-02 3.568176995690834352e-01 5.477225575051661188e+00
4.255337529737153457e-02 3.290504928631776682e-01 5.477225575051661188e+00
4.266582440891215217e-02 3.240869026940760289e-01 5.477225575051661188e+00
4.277857067203233443e-02 3.119491634093599641e-01 5.477225575051661188e+00
4.289161487196785361e-02 3.002840932613587421e-01 5.477225575051661188e+00
4.300495779602944713e-02 2.815329082902915947e-01 5.477225575051661188e+00
4.311860023360836874e-02 2.776627921394159149e-01 5.477225575051661188e+00
4.323254297618192576e-02 2.711267177105168291e-01 5.477225575051661188e+00
4.334678681731884281e-02 2.593146850032569395e-01 5.477225575051661188e+00
4.346133255268495865e-02 2.499102886281685254e-01 5.477225575051661188e+00
4.357618098004864549e-02 2.442935280927822639e-01 5.477225575051661188e+00
4.369133289928644331e-02 2.349487178114558483e-01 5.477225575051661188e+00
4.380678911238861800e-02 2.258559063593995053e-01 5.477225575051661188e+00
4.392255042346464994e-02 2.241958550926846094e-01 5.477225575051661188e+00
4.403861763874900026e-02 2.173306661069448475e-01 5.477225575051661188e+00
4.415499156660661340e-02 2.102430130122570351e-01 5.477225575051661188e+00
4.427167301753852369e-02 2.079806097410807630e-01 5.477225575051661188e+00
4.438866280418762855e-02 2.025926137879040523e-01 5.477225575051661188e+00
4.450596174134418409e-02 2.093229743928808062e-01 5.477225575051661188e+00
4.462357064595166845e-02 2.536835960437289206e-01 5.477225575051661188e+00
4.474149033711224271e-02 1.929120181748726071e-01 5.477225575051661188e+00
4.485972163609268371e-02 1.895384664139005693e-01 5.477225575051661188e+00
4.497826536632998362e-02 1.928879016602206009e-01 5.477225575051661188e+00
4.509712235343702608e-02 1.843721150587722957e-01 5.477225575051661188e+00
4.521629342520850497e-02 1.832141178808771864e-01 5.477225575051661188e+00
4.533577941162655889e-02 1.810703113490211014e-01 5.477225575051661188e+00
4.545558114486657891e-02 1.798193684058450037e-01 5.477225575051661188e+00
4.557569945930304428e-02 1.896224839358003622e-01 5.477225575051661188e+00
4.569613519151524694e-02 1.762796014248061427e-01 5.477225575051661188e+00
4.581688918029325208e-02 1.767929717363551367e-01 5.477225575051661188e+00
4.593796226664362964e-02 1.760282336402835823e-01 5.477225575051661188e+00
4.605935529379531768e-02 1.816794586039105208e-01 5.477225575051661188e+00
4.618106910720556901e-02 1.757205550061112509e-01 5.477225575051661188e+00
4.630310455456574520e-02 1.760671195670427402e-01 5.477225575051661188e+00
4.642546248580730478e-02 1.799711904817370700e-01 5.477225575051661188e+00
4.654814375310770830e-02 1.773567941925722480e-01 5.477225575051661188e+00
4.667114921089625390e-02 1.785506099296262916e-01 5.477225575051661188e+00
4.679447971586016969e-02 1.793514416976396408e-01 5.477225575051661188e+00
4.691813612695051872e-02 1.810423244641556351e-01 5.477225575051661188e+00
4.704211930538812481e-02 1.819254845861609515e-01 5.477225575051661188e+00
4.716643011466969265e-02 1.859463419468763978e-01 5.477225575051661188e+00
4.729106942057367813e-02 1.867408075106525567e-01 5.477225575051661188e+00
4.741603809116648471e-02 1.892466569870914772e-01 5.477225575051661188e+00
4.754133699680830605e-02 1.922698422357279613e-01 5.477225575051661188e+00
4.766696701015941257e-02 1.956964715424375223e-01 5.477225575051661188e+00
4.779292900618606343e-02 1.988279850769295032e-01 5.477225575051661188e+00
4.791922386216662666e-02 2.024953829487407819e-01 5.477225575051661188e+00
4.804585245769776164e-02 2.067902208409077569e-01 5.477225575051661188e+00
4.817281567470051845e-02 2.115532771254552413e-01 5.477225575051661188e+00
4.830011439742636081e-02 2.161929583177927550e-01 5.477225575051661188e+00
4.842774951246354986e-02 2.212396546684243237e-01 5.477225575051661188e+00
4.855572190874308386e-02 2.272179265932455783e-01 5.477225575051661188e+00
4.868403247754508195e-02 2.341586603771067532e-01 5.477225575051661188e+00
4.881268211250488348e-02 2.405464905030696987e-01 5.477225575051661188e+00
4.894167170961925828e-02 2.502051439393699339e-01 5.477225575051661188e+00
4.907100216725275577e-02 2.556278049668687657e-01 5.477225575051661188e+00
4.920067438614381811e-02 2.657490310010980350e-01 5.477225575051661188e+00
4.933068926941117788e-02 2.738844254965096536e-01 5.477225575051661188e+00
4.946104772256011695e-02 2.854013613312705866e-01 5.477225575051661188e+00
4.959175065348866290e-02 3.653948991118960987e-01 5.477225575051661188e+00
4.972279897249408387e-02 3.058081282621250563e-01 5.477225575051661188e+00
4.985419359227916125e-02 3.191555565725109345e-01 5.477225575051661188e+00
4.998593542795842781e-02 3.312515446264472918e-01 5.477225575051661188e+00
5.011802539706478044e-02 3.472606020486034839e-01 5.477225575051661188e+00
5.025046441955560023e-02 3.604551574064330799e-01 5.477225575051661188e+00
5.038325341781941386e-02 3.779781857493886843e-01 5.477225575051661188e+00
5.051639331668211774e-02 3.936609064297363902e-01 5.477225575051661188e+00
5.064988504341352837e-02 4.121079107683374709e-01 5.477225575051661188e+00
5.078372952773387017e-02 4.317656673239320120e-01 5.477225575051661188e+00
5.091792770182004824e-02 4.526877491723714786e-01 5.477225575051661188e+00
5.105248050031243462e-02 4.736811074785999276e-01 5.477225575051661188e+00
5.118738886032116880e-02 4.962002959163758220e-01 5.477225575051661188e+00
5.132265372143270804e-02 5.216100434923125473e-01 5.477225575051661188e+00
5.145827602571645398e-02 5.708778761303182625e-01 5.477225575051661188e+00
5.159425671773129607e-02 5.950377853302040165e-01 5.477225575051661188e+00
5.173059674453207857e-02 6.187109080519203053e-01 5.477225575051661188e+00
5.186729705567630355e-02 6.222796637667985520e-01 5.477225575051661188e+00
5.200435860323074366e-02 6.499721271225545882e-01 5.477225575051661188e+00
5.214178234177808263e-02 6.814790094687640520e-01 5.477225575051661188e+00
5.227956922842343784e-02 7.003557284626203971e-01 5.477225575051661188e+00
5.241772022280118820e-02 6.547446017471517665e-01 5.477225575051661188e+00
5.255623628708157996e-02 7.468882090102263449e-01 5.477225575051661188e+00
5.269511838597738806e-02 7.664118610422037126e-01 5.477225575051661188e+00
5.283436748675073014e-02 7.848547404112314885e-01 5.477225575051661188e+00
5.297398455921977639e-02 8.020296933481080304e-01 5.477225575051661188e+00
5.311397057576539016e-02 8.126803542522615942e-01 5.477225575051661188e+00
5.325432651133809453e-02 8.214572503053961805e-01 5.477225575051661188e+00
5.339505334346468512e-02 8.161208096235207377e-01 5.477225575051661188e+00
5.353615205225518286e-02 8.257472320640544261e-01 5.477225575051661188e+00
5.367762362040949531e-02 8.226484223206393942e-01 5.477225575051661188e+00
5.381946903322445269e-02 7.837747717704444117e-01 5.477225575051661188e+00
5.396168927860055947e-02 8.056104104745017702e-01 5.477225575051661188e+00
5.410428534704881526e-02 7.921742781991515381e-01 5.477225575051661188e+00
5.424725823169776473e-02 7.745006305434141147e-01 5.477225575051661188e+00
5.439060892830033245e-02 7.565077884986178836e-01 5.477225575051661188e+00
5.453433843524069236e-02 7.364732063114990401e-01 5.477225575051661188e+00
5.467844775354136627e-02 7.153986360959931901e-01 5.477225575051661188e+00
5.482293788687012809e-02 6.917740570365826791e-01 5.477225575051661188e+00
5.496780984154689409e-02 6.682925044170489048e-01 5.477225575051661188e+00
5.511306462655091165e-02 6.450293852434061392e-01 5.477225575051661188e+00
5.525870325352764956e-02 6.209708332219374682e-01 5.477225575051661188e+00
5.540472673679594506e-02 5.990198155746090380e-01 5.477225575051661188e+00
5.555113609335496361e-02 5.751455907186264760e-01 5.477225575051661188e+00
5.569793234289134587e-02 5.533488218351281240e-01 5.477225575051661188e+00
5.584511650778635483e-02 5.316330244232937430e-01 5.477225575051661188e+00
5.599268961312283549e-02 5.112284345394998430e-01 5.477225575051661188e+00
5.614065268669254927e-02 4.885842070919057534e-01 5.477225575051661188e+00
5.628900675900318923e-02 4.722836609253328599e-01 5.477225575051661188e+00
5.643775286328563123e-02 4.545258086540347464e-01 5.477225575051661188e+00
5.658689203550112262e-02 4.384832356130646813e-01 5.477225575051661188e+00
5.673642531434842234e-02 4.214222309092924834e-01 5.477225575051661188e+00
5.688635374127117700e-02 4.060604078916157933e-01 5.477225575051661188e+00
5.703667836046504014e-02 3.911592410717560919e-01 5.477225575051661188e+00
5.718740021888497893e-02 3.776377245346715927e-01 5.477225575051661188e+00
5.733852036625265713e-02 3.650106912836193485e-01 5.477225575051661188e+00
5.749003985506359604e-02 3.468920334011070250e-01 5.477225575051661188e+00
5.764195974059462685e-02 3.410877464698766071e-01 5.477225575051661188e+00
5.779428108091119037e-02 3.304363928398073025e-01 5.477225575051661188e+00
5.794700493687467147e-02 3.193544862693908359e-01 5.477225575051661188e+00
5.810013237214989995e-02 3.096106292041864161e-01 5.477225575051661188e+00
5.825366445321241565e-02 3.004599281463887772e-01 5.477225575051661188e+00
5.840760224935601097e-02 2.795473119296008613e-01 5.477225575051661188e+00
5.856194683270008611e-02 2.837951217405798032e-01 5.477225575051661188e+00
5.871669927819719859e-02 2.764162323484427586e-01 5.477225575051661188e+00
5.887186066364052950e-02 2.690249788935141217e-01 5.477225575051661188e+00
5.902743206967133588e-02 2.621593336450434020e-01 5.477225575051661188e+00
5.918341457978652104e-02 2.560585185391044405e-01 5.477225575051661188e+00
5.933980928034621877e-02 2.500152241125550012e-01 5.477225575051661188e+00
5.949661726058123185e-02 2.441810367674628335e-01 5.477225575051661188e+00
5.965383961260079665e-02 2.394456888556447394e-01 5.477225575051661188e+00
5.981147743140002165e-02 2.339897935540958818e-01 5.477225575051661188e+00
5.996953181486762430e-02 2.305032927282609501e-01 5.477225575051661188e+00
6.012800386379355683e-02 2.247031023135931949e-01 5.477225575051661188e+00
6.028689468187657663e-02 2.205131285822587717e-01 5.477225575051661188e+00
6.044620537573210800e-02 2.160846827706131290e-01 5.477225575051661188e+00
6.060593705489979166e-02 2.129308187996946933e-01 5.477225575051661188e+00
6.076609083185129101e-02 2.086016404604049135e-01 5.477225575051661188e+00
6.092666782199807063e-02 2.075834084812566149e-01 5.477225575051661188e+00
6.108766914369900131e-02 2.031439413597232180e-01 5.477225575051661188e+00
6.124909591826839528e-02 2.000498259839509907e-01 5.477225575051661188e+00
6.141094926998359738e-02 1.976387340578548979e-01 5.477225575051661188e+00
6.157323032609293700e-02 1.950420170022437449e-01 5.477225575051661188e+00
6.173594021682354827e-02 1.926204221413824191e-01 5.477225575051661188e+00
6.189908007538923868e-02 1.908627988905289841e-01 5.477225575051661188e+00
6.206265103799835786e-02 1.885959116438154504e-01 5.477225575051661188e+00
6.222665424386176342e-02 1.869013011325560691e-01 5.477225575051661188e+00
6.239109083520069654e-02 1.851058515137407878e-01 5.477225575051661188e+00
6.255596195725481035e-02 1.838626333555130332e-01 5.477225575051661188e+00
6.272126875829006631e-02 1.820803989849565929e-01 5.477225575051661188e+00
6.288701238960676954e-02 1.807874740965465798e-01 5.477225575051661188e+00
6.305319400554762477e-02 1.800109763692774312e-01 5.477225575051661188e+00
6.321981476350566065e-02 1.786049099264759299e-01 5.477225575051661188e+00
6.338687582393244535e-02 1.777725458094070454e-01 5.477225575051661188e+00
6.355437835034603855e-02 1.772622591664369529e-01 5.477225575051661188e+00
6.372232350933916545e-02 1.764936788945670465e-01 5.477225575051661188e+00
6.389071247058736303e-02 1.760266927172810247e-01 5.477225575051661188e+00
6.405954640685697365e-02 1.756503842485279410e-01 5.477225575051661188e+00
6.422882649401354116e-02 1.747714548315748018e-01 5.477225575051661188e+00
6.439855391102983218e-02 1.756219326676620451e-01 5.477225575051661188e+00
6.456872983999407956e-02 1.756879321018873785e-01 5.477225575051661188e+00
6.473935546611830905e-02 1.762988581197436622e-01 5.477225575051661188e+00
6.491043197774640228e-02 1.749310468366662152e-01 5.477225575051661188e+00
6.508196056636263160e-02 1.762892474995464975e-01 5.477225575051661188e+00
6.525394242659970923e-02 1.764529254658170621e-01 5.477225575051661188e+00
6.542637875624722488e-02 1.773087411828744853e-01 5.477225575051661188e+00
6.559927075626005577e-02 1.782470446560184552e-01 5.477225575051661188e+00
6.577261963076658224e-02 1.788949470934612651e-01 5.477225575051661188e+00
6.594642658707715321e-02 1.803660192891710923e-01 5.477225575051661188e+00
6.612069283569252387e-02 1.805018004814940291e-01 5.477225575051661188e+00
6.629541959031219622e-02 1.823349301266130873e-01 5.477225575051661188e+00
6.647060806784296783e-02 1.836916378071540290e-01 5.477225575051661188e+00
6.664625948840735559e-02 1.849002411423308900e-01 5.477225575051661188e+00
6.682237507535206122e-02 1.868265116400834591e-01 5.477225575051661188e+00
6.699895605525664488e-02 1.890065614424166485e-01 5.477225575051661188e+00
6.717600365794179629e-02 1.914063556407785138e-01 5.477225575051661188e+00
6.735351911647817491e-02 1.937431015257296552e-01 5.477225575051661188e+00
6.753150366719487541e-02 1.952189689208485013e-01 5.477225575051661188e+00
6.770995854968794858e-02 1.979278430216005191e-01 5.477225575051661188e+00
6.788888500682929705e-02 2.009953054101423775e-01 5.477225575051661188e+00
6.806828428477496029e-02 2.031277289015633591e-01 5.477225575051661188e+00
6.824815763297417681e-02 2.064284278929577332e-01 5.477225575051661188e+00
6.842850630417783575e-02 2.098070845567937270e-01 5.477225575051661188e+00
6.860933155444723375e-02 2.132720800598691679e-01 5.477225575051661188e+00
6.879063464316295673e-02 2.164743610546618902e-01 5.477225575051661188e+00
6.897241683303347026e-02 2.207789332662852266e-01 5.477225575051661188e+00
6.915467939010404297e-02 2.250733215819431532e-01 5.477225575051661188e+00
6.933742358376553117e-02 2.261757343048834690e-01 5.477225575051661188e+00
6.952065068676316351e-02 2.339505487071366630e-01 5.477225575051661188e+00
6.970436197520551991e-02 2.390920825254851667e-01 5.477225575051661188e+00
6.988855872857330231e-02 2.442968127577710147e-01 5.477225575051661188e+00
7.007324222972829975e-02 2.502300213567561493e-01 5.477225575051661188e+00
7.025841376492233947e-02 2.553623103297152364e-01 5.477225575051661188e+00
7.044407462380619656e-02 2.613898306473714794e-01 5.477225575051661188e+00
7.063022609943864216e-02 2.679074458075948462e-01 5.477225575051661188e+00
7.081686948829538086e-02 2.748064243710283128e-01 5.477225575051661188e+00
7.100400609027809895e-02 2.819064675113533425e-01 5.477225575051661188e+00
7.119163720872358214e-02 2.894467196783899188e-01 5.477225575051661188e+00
7.137976415041263900e-02 2.972019394338758502e-01 5.477225575051661188e+00
7.156838822557942681e-02 3.056328719198825317e-01 5.477225575051661188e+00
7.175751074792037498e-02 3.142851284467994555e-01 5.477225575051661188e+00
7.194713303460338605e-02 3.233858836422955352e-01 5.477225575051661188e+00
7.213725640627716151e-02 3.331702390172224248e-01 5.477225575051661188e+00
7.232788218708011141e-02 3.435400310739363805e-01 5.477225575051661188e+00
7.251901170464984669e-02 3.540562365853259230e-01 5.477225575051661188e+00
7.271064629013228309e-02 3.652701126075699745e-01 5.477225575051661188e+00
7.290278727819095306e-02 3.770369783687924081e-01 5.477225575051661188e+00
7.309543600701630395e-02 3.896305837315889864e-01 5.477225575051661188e+00
7.328859381833495446e-02 3.992708559125119350e-01 5.477225575051661188e+00
7.348226205741917316e-02 4.155134587768219423e-01 5.477225575051661188e+00
7.367644207309612114e-02 4.294897371019338328e-01 5.477225575051661188e+00
7.387113521775728886e-02 4.433317604553717595e-01 5.477225575051661188e+00
7.406634284736797469e-02 4.590004703686810794e-01 5.477225575051661188e+00
7.426206632147655529e-02 4.746844121357950419e-01 5.477225575051661188e+00
7.445830700322420004e-02 4.908152547904446883e-01 5.477225575051661188e+00
7.465506625935415530e-02 5.074368303582157402e-01 5.477225575051661188e+00
7.485234546022138946e-02 5.220459448789268597e-01 5.477225575051661188e+00
7.505014597980209923e-02 5.423913542535933052e-01 5.477225575051661188e+00
7.524846919570318815e-02 5.605756859215226262e-01 5.477225575051661188e+00
7.544731648917206435e-02 5.788747914516260140e-01 5.477225575051661188e+00
7.564668924510604964e-02 5.980008818336663978e-01 5.477225575051661188e+00
7.584658885206214951e-02 6.162467523622920940e-01 5.477225575051661188e+00
7.604701670226671206e-02 6.358171599151508646e-01 5.477225575051661188e+00
7.624797419162505918e-02 6.547168534416417662e-01 5.477225575051661188e+00
7.644946271973127039e-02 6.736921676572658058e-01 5.477225575051661188e+00
7.665148368987796668e-02 6.926539074960774700e-01 5.477225575051661188e+00
7.685403850906588619e-02 7.111788736524152776e-01 5.477225575051661188e+00
7.705712858801401499e-02 7.276806066312548893e-01 5.477225575051661188e+00
7.726075534116906562e-02 7.448686310346950279e-01 5.477225575051661188e+00
7.746492018671556623e-02 7.611782175760600788e-01 5.477225575051661188e+00
7.766962454658565829e-02 7.766858799623509446e-01 5.477225575051661188e+00
7.787486984646896371e-02 7.907497652667019317e-01 5.477225575051661188e+00
7.808065751582256298e-02 8.033757876855169844e-01 5.477225575051661188e+00
7.828698898788097327e-02 8.142132031106293910e-01 5.477225575051661188e+00
7.849386569966604332e-02 8.233127310570629298e-01 5.477225575051661188e+00
7.870128909199705647e-02 8.309624132419364262e-01 5.477225575051661188e+00
7.890926060950065324e-02 8.369818339769105053e-01 5.477225575051661188e+00
7.911778170062107318e-02 8.407330959553317440e-01 5.477225575051661188e+00
7.932685381763003585e-02 8.426736644794267095e-01 5.477225575051661188e+00
7.953647841663698259e-02 8.429247123657763741e-01 5.477225575051661188e+00
7.974665695759919348e-02 8.411251664089124391e-01 5.477225575051661188e+00
7.995739090433195972e-02 8.379589620273619754e-01 5.477225575051661188e+00
8.016868172451872832e-02 8.324656035464973458e-01 5.477225575051661188e+00
8.038053088972138549e-02 8.249518610687105458e-01 5.477225575051661188e+00
8.059293987539047077e-02 8.147475690076966259e-01 5.477225575051661188e+00
8.080591016087551592e-02 8.067629181991424758e-01 5.477225575051661188e+00
8.101944322943520349e-02 7.955999075258164410e-01 5.477225575051661188e+00
8.123354056824787228e-02 7.835596241298855569e-01 5.477225575051661188e+00
8.144820366842178694e-02 7.700935842612968152e-01 5.477225575051661188e+00
8.166343402500544912e-02 7.563633354306419365e-01 5.477225575051661188e+00
8.187923313699820016e-02 7.414151548835178351e-01 5.477225575051661188e+00
8.209560250736046283e-02 7.262904919758931266e-01 5.477225575051661188e+00
8.231254364302433013e-02 7.107686559341408472e-01 5.477225575051661188e+00
8.253005805490408464e-02 6.945689252667839320e-01 5.477225575051661188e+00
8.274814725790652359e-02 6.793150914103437410e-01 5.477225575051661188e+00
8.296681277094181128e-02 6.629338917005466181e-01 5.477225575051661188e+00
8.318605611693380419e-02 6.463586642740135613e-01 5.477225575051661188e+00
8.340587882283070909e-02 6.304903662054512914e-01 5.477225575051661188e+00
8.362628241961592157e-02 6.146488698505073733e-01 5.477225575051661188e+00
8.384726844231832343e-02 5.991718905047506150e-01 5.477225575051661188e+00
8.406883843002334322e-02 5.835306689674556457e-01 5.477225575051661188e+00
8.429099392588339235e-02 5.681254439865951467e-01 5.477225575051661188e+00
8.451373647712878689e-02 5.538846513745114830e-01 5.477225575051661188e+00
8.473706763507848905e-02 5.394784774548684325e-01 5.477225575051661188e+00
8.496098895515083460e-02 5.254893049223262613e-01 5.477225575051661188e+00
8.518550199687439928e-02 5.122893497222452686e-01 5.477225575051661188e+00
8.541060832389896218e-02 4.986747620618634524e-01 5.477225575051661188e+00
8.563630950400623332e-02 4.860562503762919651e-01 5.477225575051661188e+00
8.586260710912091421e-02 4.736951452088324910e-01 5.477225575051661188e+00
8.608950271532157805e-02 4.619867509115738735e-01 5.477225575051661188e+00
8.631699790285156382e-02 4.504879702105287209e-01 5.477225575051661188e+00
8.654509425613023110e-02 4.386216736711293640e-01 5.477225575051661188e+00
8.677379336376365992e-02 4.284257639163142617e-01 5.477225575051661188e+00
8.700309681855601662e-02 4.178768474386382326e-01 5.477225575051661188e+00
8.723300621752047568e-02 4.080507794692406209e-01 5.477225575051661188e+00
8.746352316189037746e-02 3.983992741365117718e-01 5.477225575051661188e+00
8.769464925713041370e-02 3.891944258825607017e-01 5.477225575051661188e+00
8.792638611294778528e-02 3.804426293662386271e-01 5.477225575051661188e+00
8.815873534330338768e-02 3.719298576850166294e-01 5.477225575051661188e+00
8.839169856642307976e-02 3.635892718446725458e-01 5.477225575051661188e+00
8.862527740480898031e-02 3.556508254458420892e-01 5.477225575051661188e+00
8.885947348525070899e-02 3.481868787437695789e-01 5.477225575051661188e+00
8.909428843883675231e-02 3.408153674471472439e-01 5.477225575051661188e+00
8.932972390096584336e-02 3.336475149753868608e-01 5.477225575051661188e+00
8.956578151135832777e-02 3.269909042926862353e-01 5.477225575051661188e+00
8.980246291406748793e-02 3.204397766961243343e-01 5.477225575051661188e+00
9.003976975749122813e-02 3.142669616626737605e-01 5.477225575051661188e+00
9.027770369438331555e-02 3.081925362572544569e-01 5.477225575051661188e+00
9.051626638186505147e-02 3.023010290515614762e-01 5.477225575051661188e+00
9.075545948143669273e-02 2.968623538600640988e-01 5.477225575051661188e+00
9.099528465898908125e-02 2.914842012376739899e-01 5.477225575051661188e+00
9.123574358481534308e-02 2.863007868403011358e-01 5.477225575051661188e+00
9.147683793362233751e-02 2.813751229567872381e-01 5.477225575051661188e+00
9.171856938454239772e-02 2.765350028446708630e-01 5.477225575051661188e+00
9.196093962114507137e-02 2.718726268837901583e-01 5.477225575051661188e+00
9.220395033144884733e-02 2.680286094881363934e-01 5.477225575051661188e+00
9.244760320793279917e-02 2.632426628061536045e-01 5.477225575051661188e+00
9.269189994754847839e-02 2.590571630926445934e-01 5.477225575051661188e+00
9.293684225173172442e-02 2.551781458392024526e-01 5.477225575051661188e+00
9.318243182641444688e-02 2.513567560960892067e-01 5.477225575051661188e+00
9.342867038203662988e-02 2.477316735802035652e-01 5.477225575051661188e+00
9.367555963355808646e-02 2.442409364261369231e-01 5.477225575051661188e+00
9.392310130047054617e-02 2.407496642784340002e-01 5.477225575051661188e+00
9.417129710680953447e-02 2.375070738871431775e-01 5.477225575051661188e+00
9.442014878116637699e-02 2.342882147850640917e-01 5.477225575051661188e+00
9.466965805670037037e-02 2.312877086461867515e-01 5.477225575051661188e+00
9.491982667115071715e-02 2.287414589523529829e-01 5.477225575051661188e+00
9.517065636684865493e-02 2.256048203071752689e-01 5.477225575051661188e+00
9.542214889072954398e-02 2.230280733199756227e-01 5.477225575051661188e+00
9.567430599434527394e-02 2.201979075732921343e-01 5.477225575051661188e+00
9.592712943387611546e-02 2.179133916406930382e-01 5.477225575051661188e+00
9.618062097014319634e-02 2.153440287115928331e-01 5.477225575051661188e+00
9.643478236862065844e-02 2.132793275565397495e-01 5.477225575051661188e+00
9.668961539944799510e-02 2.109227795540791761e-01 5.477225575051661188e+00
9.694512183744240230e-02 2.087975077279556058e-01 5.477225575051661188e+00
9.720130346211107442e-02 2.067891580113495886e-01 5.477225575051661188e+00
9.745816205766361096e-02 2.051327026832891476e-01 5.477225575051661188e+00
9.771569941302450657e-02 2.029042999460461683e-01 5.477225575051661188e+00
9.797391732184550228e-02 2.010624462687273517e-01 5.477225575051661188e+00
9.823281758251825591e-02 1.991592490465875220e-01 5.477225575051661188e+00
9.849240199818659613e-02 1.977952472992535460e-01 5.477225575051661188e+00
9.875267237675937337e-02 1.961217213362205503e-01 5.477225575051661188e+00
9.901363053092282485e-02 1.921857623297939521e-01 5.477225575051661188e+00
9.927527827815332828e-02 1.932634107838213378e-01 5.477225575051661188e+00
9.953761744073004458e-02 1.918950469654017721e-01 5.477225575051661188e+00
9.980064984574751885e-02 1.905154043095194094e-01 5.477225575051661188e+00
1.000643773251285035e-01 1.892092103627205646e-01 5.477225575051661188e+00
1.003288017156366979e-01 1.877266535191348396e-01 5.477225575051661188e+00
1.005939248588895440e-01 1.866791247734568004e-01 5.477225575051661188e+00
1.008597486013709799e-01 1.857355576502848216e-01 5.477225575051661188e+00
1.011262747944444151e-01 1.842802503626185251e-01 5.477225575051661188e+00
1.013935052943654713e-01 1.834504739974307796e-01 5.477225575051661188e+00
1.016614419622951515e-01 1.823561457100379146e-01 5.477225575051661188e+00
1.019300866643125525e-01 1.815362448354032321e-01 5.477225575051661188e+00
1.021994412714279932e-01 1.808422639579609636e-01 5.477225575051661188e+00
1.024695076595959903e-01 1.801365855006255012e-01 5.477225575051661188e+00
1.027402877097283590e-01 1.794081354205464829e-01 5.477225575051661188e+00
1.030117833077073691e-01 1.786855050988884475e-01 5.477225575051661188e+00
1.032839963443987347e-01 1.779831960152733483e-01 5.477225575051661188e+00
1.035569287156649088e-01 1.575136499548387692e-01 5.477225575051661188e+00
1.038305823223781982e-01 1.769343349490440920e-01 5.477225575051661188e+00
1.041049590704340722e-01 1.764895204528825479e-01 5.477225575051661188e+00
1.043800608707644573e-01 1.760020323975774181e-01 5.477225575051661188e+00
1.046558896393509352e-01 1.756413916444210244e-01 5.477225575051661188e+00
1.049324472972381350e-01 1.752406044618165792e-01 5.477225575051661188e+00
1.052097357705471942e-01 1.747364265569136543e-01 5.477225575051661188e+00
1.054877569904890677e-01 1.751444591309499754e-01 5.477225575051661188e+00
1.057665128933780313e-01 1.744652328377497008e-01 5.477225575051661188e+00
1.060460054206451425e-01 1.756117174830078564e-01 5.477225575051661188e+00
1.063262365188517855e-01 1.742190948279248863e-01 5.477225575051661188e+00
1.066072081397031746e-01 1.737752488160150266e-01 5.477225575051661188e+00
1.068889222400620925e-01 1.742034466539606474e-01 5.477225575051661188e+00
1.071713807819622971e-01 1.744333249044078549e-01 5.477225575051661188e+00
1.074545857326223708e-01 1.742296405633827205e-01 5.477225575051661188e+00
1.077385390644593072e-01 1.743050590798915778e-01 5.477225575051661188e+00
1.080232427551023749e-01 1.744837704278483226e-01 5.477225575051661188e+00
1.083086987874067458e-01 1.747409817409303068e-01 5.477225575051661188e+00
1.085949091494673863e-01 1.749734745529361868e-01 5.477225575051661188e+00
1.088818758346328935e-01 1.754817373470217712e-01 5.477225575051661188e+00
1.091696008415193320e-01 1.755665028248006854e-01 5.477225575051661188e+00
1.094580861740243188e-01 1.761945942581971958e-01 5.477225575051661188e+00
1.097473338413407218e-01 1.766691810323665623e-01 5.477225575051661188e+00
1.100373458579708419e-01 1.769480426916089644e-01 5.477225575051661188e+00
1.103281242437403886e-01 1.776347288737255281e-01 5.477225575051661188e+00
1.106196710238124964e-01 1.780968668239436004e-01 5.477225575051661188e+00
1.109119882287020048e-01 1.786263380215109831e-01 5.477225575051661188e+00
1.112050778942893503e-01 1.795348354701572502e-01 5.477225575051661188e+00
1.114989420618349297e-01 1.801457346119598457e-01 5.477225575051661188e+00
1.117935827779932279e-01 1.809614529388723081e-01 5.477225575051661188e+00
1.120890020948271254e-01 1.818962036537144222e-01 5.477225575051661188e+00
1.123852020698221793e-01 1.827717359929286189e-01 5.477225575051661188e+00
1.126821847659008891e-01 1.837724483609038950e-01 5.477225575051661188e+00
1.129799522514371712e-01 1.846778696796156360e-01 5.477225575051661188e+00
1.132785066002706398e-01 1.857692582756986510e-01 5.477225575051661188e+00
1.135778498917212331e-01 1.869909463021985352e-01 5.477225575051661188e+00
1.138779842106034390e-01 1.880928670653717327e-01 5.477225575051661188e+00
1.141789116472410881e-01 1.896443992900495590e-01 5.477225575051661188e+00
1.144806342974816621e-01 1.906449732992598622e-01 5.477225575051661188e+00
1.147831542627111151e-01 1.920157680832344227e-01 5.477225575051661188e+00
1.150864736498683483e-01 1.934726976589494774e-01 5.477225575051661188e+00
1.153905945714599202e-01 1.949826093169048924e-01 5.477225575051661188e+00
1.156955191455748266e-01 1.965671704423475608e-01 5.477225575051661188e+00
1.160012494958991558e-01 1.982056976680292015e-01 5.477225575051661188e+00
1.163077877517309927e-01 1.994133273160191011e-01 5.477225575051661188e+00
1.166151360479951299e-01 2.018594460030760096e-01 5.477225575051661188e+00
1.169232965252579998e-01 2.035541602586450893e-01 5.477225575051661188e+00
1.172322713297425795e-01 2.055083522577659805e-01 5.477225575051661188e+00
1.175420626133432817e-01 2.075103829964043967e-01 5.477225575051661188e+00
1.178526725336411229e-01 2.095716923192762482e-01 5.477225575051661188e+00
1.181641032539185038e-01 2.117968007237031880e-01 5.477225575051661188e+00
1.184763569431744185e-01 2.140219423507200014e-01 5.477225575051661188e+00
1.187894357761394987e-01 2.165181403301933427e-01 5.477225575051661188e+00
1.191033419332913068e-01 2.189453889972819978e-01 5.477225575051661188e+00
1.194180776008693101e-01 2.213750283882049419e-01 5.477225575051661188e+00
1.197336449708902434e-01 2.240289124094079765e-01 5.477225575051661188e+00
1.200500462411633051e-01 2.267484725983241745e-01 5.477225575051661188e+00
1.203672836153055065e-01 2.295877467777524550e-01 5.477225575051661188e+00
1.206853593027571031e-01 2.325364939495976058e-01 5.477225575051661188e+00
1.210042755187967917e-01 2.354245420170757996e-01 5.477225575051661188e+00
1.213240344845572249e-01 2.387403856040146988e-01 5.477225575051661188e+00
1.216446384270405551e-01 2.420532647709665863e-01 5.477225575051661188e+00
1.219660895791338379e-01 2.452631595174018520e-01 5.477225575051661188e+00
1.222883901796246869e-01 2.490503352232310286e-01 5.477225575051661188e+00
1.226115424732167614e-01 2.523324720442525204e-01 5.477225575051661188e+00
1.229355487105454475e-01 2.560497780625791142e-01 5.477225575051661188e+00
1.232604111481934994e-01 2.600556263398841050e-01 5.477225575051661188e+00
1.235861320487068871e-01 2.639903658863966274e-01 5.477225575051661188e+00
1.239127136806103674e-01 2.687196277875515960e-01 5.477225575051661188e+00
1.242401583184234160e-01 2.719028977636898659e-01 5.477225575051661188e+00
1.245684682426759643e-01 2.767491459222781169e-01 5.477225575051661188e+00
1.248976457399244011e-01 2.814275739786720743e-01 5.477225575051661188e+00
1.252276931027674345e-01 2.862182048675530055e-01 5.477225575051661188e+00
1.255586126298620653e-01 2.908606635869490642e-01 5.477225575051661188e+00
1.258904066259395049e-01 2.957977757632161975e-01 5.477225575051661188e+00
1.262230774018214541e-01 3.003243973658297206e-01 5.477225575051661188e+00
1.265566272744359511e-01 3.061984778650377881e-01 5.477225575051661188e+00
1.268910585668336921e-01 3.121051639685367696e-01 5.477225575051661188e+00
1.272263736082040742e-01 3.177099129353230245e-01 5.477225575051661188e+00
1.275625747338914873e-01 3.237572715440432680e-01 5.477225575051661188e+00
1.278996642854115795e-01 3.299412863591572043e-01 5.477225575051661188e+00
1.282376446104676049e-01 3.360652143991644802e-01 5.477225575051661188e+00
1.285765180629666327e-01 3.423388087807202051e-01 5.477225575051661188e+00
1.289162870030360897e-01 3.491604807959721168e-01 5.477225575051661188e+00
1.292569537970400806e-01 3.555835992285191760e-01 5.477225575051661188e+00
1.295985208175960135e-01 3.631598170445857199e-01 5.477225575051661188e+00
1.299409904435910035e-01 3.708609013863393700e-01 5.477225575051661188e+00
1.302843650601984704e-01 3.779131998123122504e-01 5.477225575051661188e+00
1.306286470588947091e-01 3.856145496402322292e-01 5.477225575051661188e+00
1.309738388374756812e-01 3.937102810869742564e-01 5.477225575051661188e+00
1.313199428000735858e-01 4.020545664276482523e-01 5.477225575051661188e+00
1.316669613571736508e-01 4.103961768552241152e-01 5.477225575051661188e+00
1.320148969256308980e-01 4.190590209791804077e-01 5.477225575051661188e+00
1.323637519286869901e-01 4.280211983101827045e-01 5.477225575051661188e+00
1.327135287959871068e-01 4.370849807284292177e-01 5.477225575051661188e+00
1.330642299635969306e-01 4.466519315597451412e-01 5.477225575051661188e+00
1.334158578740194945e-01 4.560058942362616996e-01 5.477225575051661188e+00
1.337684149762122243e-01 4.659748533454920461e-01 5.477225575051661188e+00
1.341219037256040358e-01 4.759925395316556007e-01 5.477225575051661188e+00
1.344763265841125432e-01 4.866486123909204986e-01 5.477225575051661188e+00
1.348316860201609069e-01 4.971300655800730550e-01 5.477225575051661188e+00
1.351879845086952636e-01 5.073894295247292074e-01 5.477225575051661188e+00
1.355452245312019077e-01 5.184849879929762650e-01 5.477225575051661188e+00
1.359034085757246102e-01 5.305520821892220074e-01 5.477225575051661188e+00
1.362625391368818550e-01 5.416681213817632345e-01 5.477225575051661188e+00
1.366226187158842698e-01 5.535362988721563848e-01 5.477225575051661188e+00
1.369836498205520281e-01 5.653340358951971512e-01 5.477225575051661188e+00
1.373456349653323916e-01 5.777543336263839535e-01 5.477225575051661188e+00
1.377085766713169457e-01 5.883253307035378743e-01 5.477225575051661188e+00
1.380724774662596965e-01 6.023852498784121323e-01 5.477225575051661188e+00
1.384373398845941405e-01 6.148255261313584352e-01 5.477225575051661188e+00
1.388031664674511112e-01 6.276254279695661076e-01 5.477225575051661188e+00
1.391699597626765150e-01 6.405029911405146770e-01 5.477225575051661188e+00
1.395377223248491505e-01 6.537092291754447171e-01 5.477225575051661188e+00
1.399064567152982774e-01 6.665715481795725372e-01 5.477225575051661188e+00
1.402761655021216303e-01 6.795457016076605905e-01 5.477225575051661188e+00
1.406468512602032095e-01 6.921931739876001632e-01 5.477225575051661188e+00
1.410185165712312672e-01 7.063955628616447324e-01 5.477225575051661188e+00
1.413911640237164036e-01 7.189802373454082796e-01 5.477225575051661188e+00
1.417647962130093031e-01 7.312614924134684946e-01 5.477225575051661188e+00
1.421394157413189974e-01 7.441082007587815905e-01 5.477225575051661188e+00
1.425150252177311005e-01 7.574457259230574779e-01 5.477225575051661188e+00
1.428916272582256008e-01 7.697611330020023290e-01 5.477225575051661188e+00
1.432692244856956509e-01 7.815183876333400281e-01 5.477225575051661188e+00
1.436478195299652205e-01 7.935649807082419960e-01 5.477225575051661188e+00
1.440274150278078591e-01 8.051871151103872082e-01 5.477225575051661188e+00
1.444080136229647648e-01 8.168822112300987426e-01 5.477225575051661188e+00
1.447896179661635752e-01 8.273054520507734377e-01 5.477225575051661188e+00
1.451722307151364078e-01 8.383422187397918668e-01 5.477225575051661188e+00
1.455558545346385124e-01 8.504747790339689528e-01 5.477225575051661188e+00
1.459404920964670060e-01 8.579504904343150384e-01 5.477225575051661188e+00
1.463261460794792190e-01 8.662505796885129339e-01 5.477225575051661188e+00
1.467128191696116246e-01 8.754362921463115788e-01 5.477225575051661188e+00
1.471005140598982408e-01 8.832463867480161435e-01 5.477225575051661188e+00
1.474892334504896707e-01 8.900213295611778541e-01 5.477225575051661188e+00
1.478789800486716433e-01 8.973972156803774469e-01 5.477225575051661188e+00
1.482697565688841368e-01 9.034777725665453785e-01 5.477225575051661188e+00
1.486615657327401419e-01 9.083221231666596118e-01 5.477225575051661188e+00
1.490544102690445072e-01 9.128719100626472294e-01 5.477225575051661188e+00
1.494482929138132021e-01 9.167874732053830078e-01 5.477225575051661188e+00
1.498432164102921071e-01 9.199272671084954833e-01 5.477225575051661188e+00
1.502391835089763872e-01 9.225062565050490271e-01 5.477225575051661188e+00
1.506361969676294488e-01 9.236945251705336313e-01 5.477225575051661188e+00
1.510342595513021191e-01 9.250570604789398743e-01 5.477225575051661188e+00
1.514333740323521305e-01 9.250214496441823142e-01 5.477225575051661188e+00
1.518335431904631883e-01 9.245250602312337085e-01 5.477225575051661188e+00
1.522347698126645110e-01 9.226659428950951813e-01 5.477225575051661188e+00
1.526370566933500927e-01 9.214537870165591116e-01 5.477225575051661188e+00
1.530404066342982705e-01 9.183796386559137659e-01 5.477225575051661188e+00
1.534448224446911258e-01 9.150221625044647755e-01 5.477225575051661188e+00
1.538503069411343294e-01 9.095203517411302174e-01 5.477225575051661188e+00
1.542568629476762654e-01 9.068603732871830525e-01 5.477225575051661188e+00
1.546644932958282093e-01 9.018566166464390133e-01 5.477225575051661188e+00
1.550732008245836735e-01 8.962398854337079168e-01 5.477225575051661188e+00
1.554829883804384472e-01 8.905907029370400130e-01 5.477225575051661188e+00
1.558938588174103024e-01 8.838527091076473496e-01 5.477225575051661188e+00
1.563058149970588118e-01 8.774206553017351862e-01 5.477225575051661188e+00
1.567188597885053603e-01 8.695690854025236449e-01 5.477225575051661188e+00
1.571329960684531013e-01 8.617564148188442408e-01 5.477225575051661188e+00
1.575482267212070520e-01 8.537523874347958674e-01 5.477225575051661188e+00
1.579645546386940491e-01 8.461019217356913202e-01 5.477225575051661188e+00
1.583819827204830111e-01 8.368120216388976740e-01 5.477225575051661188e+00
1.588005138738051436e-01 8.281923954170499202e-01 5.477225575051661188e+00
1.592201510135740072e-01 8.188311251470569152e-01 5.477225575051661188e+00
1.596408970624060564e-01 8.091375289047858521e-01 5.477225575051661188e+00
1.600627549506409009e-01 7.999846507699347464e-01 5.477225575051661188e+00
1.604857276163615398e-01 7.906020175667617389e-01 5.477225575051661188e+00
1.609098180054151783e-01 7.816416543390271032e-01 5.477225575051661188e+00
1.613350290714334057e-01 7.713359053754026418e-01 5.477225575051661188e+00
1.617613637758529566e-01 7.634823652014022244e-01 5.477225575051661188e+00
1.621888250879363613e-01 7.521991305268818095e-01 5.477225575051661188e+00
1.626174159847924294e-01 7.424286485122379986e-01 5.477225575051661188e+00
1.630471394513971217e-01 7.320943408566120691e-01 5.477225575051661188e+00
1.634779984806144781e-01 7.225459030181867748e-01 5.477225575051661188e+00
1.639099960732171291e-01 7.127917455484648057e-01 5.477225575051661188e+00
1.643431352379074450e-01 7.032637282821471159e-01 5.477225575051661188e+00
1.647774189913384646e-01 6.932416021110611171e-01 5.477225575051661188e+00
1.652128503581347108e-01 6.830408679513916281e-01 5.477225575051661188e+00
1.656494323709136185e-01 6.744464873179669695e-01 5.477225575051661188e+00
1.660871680703063236e-01 6.654965861667762050e-01 5.477225575051661188e+00
1.665260605049789511e-01 6.556429472202082165e-01 5.477225575051661188e+00
1.669661127316538207e-01 6.466696738681050327e-01 5.477225575051661188e+00
1.674073278151309296e-01 6.377357097144743525e-01 5.477225575051661188e+00
1.678497088283090466e-01 6.287828744474733833e-01 5.477225575051661188e+00
1.682932588522071116e-01 6.200597720420648606e-01 5.477225575051661188e+00
1.687379809759859128e-01 6.112569168010588694e-01 5.477225575051661188e+00
1.691838782969694033e-01 6.026624085291230060e-01 5.477225575051661188e+00
1.696309539206664885e-01 5.941420265221490915e-01 5.477225575051661188e+00
1.700792109607923430e-01 5.868113282404934239e-01 5.477225575051661188e+00
1.705286525392903374e-01 5.784276268678067989e-01 5.477225575051661188e+00
1.709792817863537151e-01 5.699727958036662212e-01 5.477225575051661188e+00
1.714311018404473252e-01 5.618130836194999977e-01 5.477225575051661188e+00
1.718841158483297160e-01 5.543548675856656560e-01 5.477225575051661188e+00
1.723383269650747007e-01 5.465310918711340227e-01 5.477225575051661188e+00
1.727937383540935623e-01 5.394378744305359241e-01 5.477225575051661188e+00
1.732503531871570357e-01 5.342004598645822000e-01 5.477225575051661188e+00
1.737081746444174291e-01 5.248495764159342158e-01 5.477225575051661188e+00
1.741672059144307450e-01 5.176802328177522172e-01 5.477225575051661188e+00
1.746274501941788015e-01 5.111421043181776369e-01 5.477225575051661188e+00
1.750889106890916314e-01 5.042691388624949145e-01 5.477225575051661188e+00
1.755515906130697135e-01 4.974582801842661883e-01 5.477225575051661188e+00
1.760154931885065388e-01 4.911686827149820966e-01 5.477225575051661188e+00
1.764806216463107313e-01 4.845329698886796654e-01 5.477225575051661188e+00
1.769469792259287799e-01 4.785235845107774777e-01 5.477225575051661188e+00
1.774145691753676313e-01 4.719961418038121637e-01 5.477225575051661188e+00
1.778833947512170610e-01 4.665400503003150345e-01 5.477225575051661188e+00
1.783534592186727663e-01 4.603426465463356099e-01 5.477225575051661188e+00
1.788247658515586258e-01 4.551352953317406302e-01 5.477225575051661188e+00
1.792973179323499033e-01 4.491753008824390103e-01 5.477225575051661188e+00
1.797711187521958132e-01 4.441639979778677083e-01 5.477225575051661188e+00
1.802461716109426682e-01 4.382961330752705442e-01 5.477225575051661188e+00
1.807224798171567781e-01 4.330927500829301335e-01 5.477225575051661188e+00
1.812000466881473482e-01 4.279736343756242456e-01 5.477225575051661188e+00
1.816788755499899044e-01 4.227855364303088059e-01 5.477225575051661188e+00
1.821589697375490258e-01 4.181950989911806249e-01 5.477225575051661188e+00
1.826403325945021305e-01 4.131511855827302848e-01 5.477225575051661188e+00
1.831229674733621526e-01 4.081352167129425057e-01 5.477225575051661188e+00
1.836068777355013282e-01 4.036919207396882925e-01 5.477225575051661188e+00
1.840920667511744546e-01 3.990629342162069215e-01 5.477225575051661188e+00
1.845785378995423720e-01 3.948877980469834292e-01 5.477225575051661188e+00
1.850662945686954719e-01 3.905569278407540201e-01 5.477225575051661188e+00
1.855553401556773174e-01 3.861984383119524411e-01 5.477225575051661188e+00
1.860456780665083465e-01 3.823396005079181537e-01 5.477225575051661188e+00
1.865373117162094085e-01 3.781506154882494641e-01 5.477225575051661188e+00
1.870302445288259396e-01 3.744528578469837887e-01 5.477225575051661188e+00
1.875244799374514160e-01 3.682430918948847998e-01 5.477225575051661188e+00
1.880200213842513346e-01 3.660746034437138974e-01 5.477225575051661188e+00
1.885168723204874441e-01 3.620423808038427671e-01 5.477225575051661188e+00
1.890150362065413925e-01 3.587351628931764735e-01 5.477225575051661188e+00
1.895145165119392350e-01 3.551091813053887658e-01 5.477225575051661188e+00
1.900153167153753042e-01 3.517009296497037307e-01 5.477225575051661188e+00
1.905174403047365239e-01 3.482919142987174754e-01 5.477225575051661188e+00
1.910208907771266673e-01 3.443138360512217333e-01 5.477225575051661188e+00
1.915256716388908653e-01 3.413071719629535705e-01 5.477225575051661188e+00
1.920317864056398649e-01 3.386793073003210863e-01 5.477225575051661188e+00
1.925392386022745095e-01 3.350911104198275314e-01 5.477225575051661188e+00
1.930480317630103859e-01 3.317217734072657187e-01 5.477225575051661188e+00
1.935581694314023882e-01 3.287157593932219513e-01 5.477225575051661188e+00
1.940696551603695030e-01 3.269330058283340668e-01 5.477225575051661188e+00
1.945824925122193183e-01 3.223296877746902322e-01 5.477225575051661188e+00
1.950966850586730306e-01 3.225619040514688951e-01 5.477225575051661188e+00
1.956122363808901754e-01 3.169876237467974534e-01 5.477225575051661188e+00
1.961291500694939127e-01 3.141707932959569849e-01 5.477225575051661188e+00
1.966474297245954517e-01 3.116139481949274370e-01 5.477225575051661188e+00
1.971670789558196690e-01 3.087927943540161868e-01 5.477225575051661188e+00
1.976881013823299504e-01 3.063754960955293316e-01 5.477225575051661188e+00
1.982105006328533925e-01 3.035869729150003082e-01 5.477225575051661188e+00
1.987342803457063656e-01 3.011333369433382146e-01 5.477225575051661188e+00
1.992594441688195495e-01 2.983628007039614838e-01 5.477225575051661188e+00
1.997859957597633018e-01 2.953677639204155270e-01 5.477225575051661188e+00
2.003139387857734710e-01 2.938164700685459985e-01 5.477225575051661188e+00
2.008432769237765703e-01 2.926191173671992551e-01 5.477225575051661188e+00
2.013740138604157015e-01 2.890876271978725098e-01 5.477225575051661188e+00
2.019061532920759794e-01 2.864536168909068703e-01 5.477225575051661188e+00
2.024396989249103440e-01 2.845200549719767436e-01 5.477225575051661188e+00
2.029746544748654846e-01 2.823078732083703635e-01 5.477225575051661188e+00
2.035110236677076245e-01 2.814737806400982034e-01 5.477225575051661188e+00
2.040488102390484448e-01 2.783484988592112575e-01 5.477225575051661188e+00
2.045880179343711747e-01 2.761473845870214272e-01 5.477225575051661188e+00
2.051286505090566259e-01 2.742818738123792288e-01 5.477225575051661188e+00
2.056707117284092556e-01 2.721079384408508495e-01 5.477225575051661188e+00
2.062142053676838116e-01 2.701418002322048539e-01 5.477225575051661188e+00
2.067591352121109782e-01 2.678163249680139968e-01 5.477225575051661188e+00
2.073055050569242719e-01 2.662356874171707410e-01 5.477225575051661188e+00
2.078533187073861310e-01 2.644989218837200395e-01 5.477225575051661188e+00
2.084025799788146727e-01 2.613684154149585881e-01 5.477225575051661188e+00
2.089532926966101989e-01 2.609902652096985354e-01 5.477225575051661188e+00
2.095054606962816479e-01 2.593380381800080570e-01 5.477225575051661188e+00
2.100590878234735170e-01 2.572755564864939171e-01 5.477225575051661188e+00
2.106141779339925912e-01 2.555733788285272090e-01 5.477225575051661188e+00
2.111707348938348661e-01 2.539793739636575509e-01 5.477225575051661188e+00
2.117287625792122763e-01 2.522628033131868452e-01 5.477225575051661188e+00
2.122882648765798685e-01 2.507744315051686490e-01 5.477225575051661188e+00
2.128492456826627799e-01 2.491654068332838923e-01 5.477225575051661188e+00
2.134117089044833826e-01 2.476400567688400445e-01 5.477225575051661188e+00
2.139756584593887068e-01 2.464982705504489280e-01 5.477225575051661188e+00
2.145410982750773077e-01 2.445256177560718447e-01 5.477225575051661188e+00
2.151080322896270214e-01 2.429471526098899714e-01 5.477225575051661188e+00
2.156764644515219986e-01 2.416412576265385692e-01 5.477225575051661188e+00
2.162463987196807658e-01 2.401537962249097324e-01 5.477225575051661188e+00
2.168178390634832031e-01 2.387938690361813276e-01 5.477225575051661188e+00
2.173907894627984949e-01 2.374187514121804676e-01 5.477225575051661188e+00
2.179652539080128570e-01 2.360612517892159978e-01 5.477225575051661188e+00
2.185412364000571539e-01 2.346408187791613476e-01 5.477225575051661188e+00
2.191187409504350703e-01 2.333077961734205674e-01 5.477225575051661188e+00
2.196977715812507559e-01 2.338839862202645170e-01 5.477225575051661188e+00
2.202783323252368586e-01 2.308641664841653562e-01 5.477225575051661188e+00
2.208604272257828627e-01 2.295079017201357152e-01 5.477225575051661188e+00
2.214440603369628446e-01 2.282397683334925209e-01 5.477225575051661188e+00
2.220292357235642833e-01 2.270593734785820439e-01 5.477225575051661188e+00
2.226159574611157876e-01 2.258649102976561795e-01 5.477225575051661188e+00
2.232042296359157407e-01 2.247008206839856137e-01 5.477225575051661188e+00
2.237940563450607767e-01 2.234931811569450810e-01 5.477225575051661188e+00
2.243854416964743692e-01 2.222623665710502794e-01 5.477225575051661188e+00
2.249783898089352252e-01 2.211563280231094719e-01 5.477225575051661188e+00
2.255729048121061786e-01 2.200285804973899639e-01 5.477225575051661188e+00
2.261689908465628063e-01 2.190463589537061384e-01 5.477225575051661188e+00
2.267666520638223215e-01 2.178709675356142461e-01 5.477225575051661188e+00
2.273658926263727176e-01 2.167809551046204763e-01 5.477225575051661188e+00
2.279667167077012724e-01 2.157932730928202592e-01 5.477225575051661188e+00
2.285691284923239974e-01 2.147387031328617246e-01 5.477225575051661188e+00
2.291731321758145590e-01 2.137332674919070752e-01 5.477225575051661188e+00
2.297787319648339210e-01 2.127131041671951051e-01 5.477225575051661188e+00
2.303859320771589336e-01 2.116853656966416475e-01 5.477225575051661188e+00
2.309947367417123087e-01 2.107354398019000707e-01 5.477225575051661188e+00
2.316051501985918748e-01 2.097684959571034236e-01 5.477225575051661188e+00
2.322171766990999697e-01 2.087731696595175601e-01 5.477225575051661188e+00
2.328308205057733893e-01 2.078751636023060123e-01 5.477225575051661188e+00
2.334460858924126969e-01 2.069580039442162622e-01 5.477225575051661188e+00
2.340629771441121443e-01 2.060221408803515619e-01 5.477225575051661188e+00
2.346814985572897028e-01 2.052141840420707575e-01 5.477225575051661188e+00
2.353016544397165677e-01 2.043002054894784703e-01 5.477225575051661188e+00
2.359234491105476339e-01 2.033548926380178423e-01 5.477225575051661188e+00
2.365468869003512775e-01 2.024928443049243965e-01 5.477225575051661188e+00
2.371719721511394152e-01 2.016752634681427403e-01 5.477225575051661188e+00
2.377987092163981186e-01 2.008655071700178041e-01 5.477225575051661188e+00
2.384271024611177570e-01 2.000018258987026343e-01 5.477225575051661188e+00
2.390571562618231671e-01 1.992128320646448236e-01 5.477225575051661188e+00
2.396888750066045182e-01 1.984524159362882623e-01 5.477225575051661188e+00
2.403222630951476479e-01 1.975476076875542497e-01 5.477225575051661188e+00
2.409573249387646499e-01 1.968246715279299563e-01 5.477225575051661188e+00
2.415940649604249035e-01 1.960788182206127661e-01 5.477225575051661188e+00
2.422324875947854950e-01 1.952968245922406809e-01 5.477225575051661188e+00
2.428725972882223583e-01 1.946514611202651013e-01 5.477225575051661188e+00
2.435143984988610844e-01 1.938580339785515860e-01 5.477225575051661188e+00
2.441578956966082570e-01 1.931782220248069726e-01 5.477225575051661188e+00
2.448030933631821504e-01 1.924023269135521352e-01 5.477225575051661188e+00
2.454499959921442875e-01 1.916496737285057206e-01 5.477225575051661188e+00
2.460986080889305538e-01 1.909742759998874218e-01 5.477225575051661188e+00
2.467489341708827000e-01 1.903085905161976954e-01 5.477225575051661188e+00
2.474009787672797334e-01 1.896533783643448989e-01 5.477225575051661188e+00
2.480547464193695040e-01 1.889542992081538753e-01 5.477225575051661188e+00
2.487102416804002070e-01 1.883077559891792596e-01 5.477225575051661188e+00
2.493674691156523016e-01 1.876287716666941718e-01 5.477225575051661188e+00
2.500264333024700414e-01 1.869018843309598055e-01 5.477225575051661188e+00
2.506871388302936987e-01 1.864042061944540529e-01 5.477225575051661188e+00
2.513495903006912613e-01 1.856930063107746220e-01 5.477225575051661188e+00
2.520137923273905178e-01 1.850845622069886842e-01 5.477225575051661188e+00
2.526797495363111712e-01 1.844008008065793069e-01 5.477225575051661188e+00
2.533474665655973679e-01 1.838754932773320194e-01 5.477225575051661188e+00
2.540169480656495060e-01 1.832788768725485684e-01 5.477225575051661188e+00
2.546881986991568758e-01 1.826448377040919280e-01 5.477225575051661188e+00
2.553612231411302447e-01 1.820646480579105886e-01 5.477225575051661188e+00
2.560360260789341647e-01 1.814854014050772124e-01 5.477225575051661188e+00
2.567126122123199461e-01 1.811809675499021222e-01 5.477225575051661188e+00
2.573909862534580761e-01 1.803511017276989425e-01 5.477225575051661188e+00
2.580711529269710258e-01 1.799337465436696426e-01 5.477225575051661188e+00
2.587531169699664457e-01 1.791698906091374610e-01 5.477225575051661188e+00
2.594368831320699731e-01 1.787554012895980760e-01 5.477225575051661188e+00
2.601224561754583164e-01 1.784981595377241603e-01 5.477225575051661188e+00
2.608098408748923958e-01 1.776556268241506753e-01 5.477225575051661188e+00
2.614990420177507047e-01 1.771901004089003473e-01 5.477225575051661188e+00
2.621900644040625616e-01 1.766294894265639237e-01 5.477225575051661188e+00
2.628829128465416387e-01 1.761917914722994083e-01 5.477225575051661188e+00
2.635775921706192682e-01 1.757109187666509031e-01 5.477225575051661188e+00
2.642741072144783043e-01 1.751757766187509724e-01 5.477225575051661188e+00
2.649724628290866524e-01 1.746992293971148802e-01 5.477225575051661188e+00
2.656726638782310190e-01 1.742706985634357164e-01 5.477225575051661188e+00
2.663747152385511630e-01 1.737826131880620406e-01 5.477225575051661188e+00
2.670786217995733125e-01 1.732323823738895208e-01 5.477225575051661188e+00
2.677843884637444716e-01 1.727993459138289778e-01 5.477225575051661188e+00
2.684920201464667255e-01 1.723468895633673004e-01 5.477225575051661188e+00
2.692015217761313250e-01 1.716089157701269907e-01 5.477225575051661188e+00
2.699128982941527699e-01 1.716254095389886380e-01 5.477225575051661188e+00
2.706261546550036701e-01 1.709855814468249080e-01 5.477225575051661188e+00
2.713412958262490515e-01 1.704305912660283862e-01 5.477225575051661188e+00
2.720583267885807732e-01 1.701959759649897264e-01 5.477225575051661188e+00
2.727772525358525546e-01 1.696879405188121415e-01 5.477225575051661188e+00
2.734980780751144480e-01 1.692463501034384421e-01 5.477225575051661188e+00
2.742208084266480328e-01 1.686741413043560400e-01 5.477225575051661188e+00
2.749454486240009987e-01 1.684328787338607025e-01 5.477225575051661188e+00
2.756720037140225621e-01 1.680414614553288333e-01 5.477225575051661188e+00
2.764004787568982713e-01 1.677489413726976353e-01 5.477225575051661188e+00
2.771308788261855338e-01 1.672975718100949971e-01 5.477225575051661188e+00
2.778632090088490880e-01 1.668226279065635476e-01 5.477225575051661188e+00
2.785974744052956420e-01 1.664202618392264521e-01 5.477225575051661188e+00
2.793336801294106220e-01 1.658793344978701789e-01 5.477225575051661188e+00
2.800718313085923672e-01 1.657984995687842023e-01 5.477225575051661188e+00
2.808119330837890448e-01 1.653330062047719262e-01 5.477225575051661188e+00
2.815539906095343436e-01 1.651084141132727334e-01 5.477225575051661188e+00
2.822980090539820575e-01 1.645473529124329704e-01 5.477225575051661188e+00
2.830439935989439992e-01 1.642958691313348152e-01 5.477225575051661188e+00
2.837919494399244735e-01 1.640690332897484782e-01 5.477225575051661188e+00
2.845418817861575245e-01 1.638753343059825007e-01 5.477225575051661188e+00
2.852937958606427959e-01 1.631689563898308937e-01 5.477225575051661188e+00
2.860476969001816139e-01 1.627675809033480026e-01 5.477225575051661188e+00
2.868035901554142342e-01 1.624321887725787006e-01 5.477225575051661188e+00
2.875614808908554254e-01 1.621755608773451651e-01 5.477225575051661188e+00
2.883213743849319943e-01 1.619017814528253274e-01 5.477225575051661188e+00
2.890832759300195343e-01 1.614937483545061947e-01 5.477225575051661188e+00
2.898471908324780633e-01 1.611922155356242115e-01 5.477225575051661188e+00
2.906131244126907709e-01 1.608713342560695314e-01 5.477225575051661188e+00
2.913810820050998784e-01 1.604906293567437969e-01 5.477225575051661188e+00
2.921510689582437759e-01 1.602031452702516734e-01 5.477225575051661188e+00
2.929230906347951024e-01 1.599095494438881326e-01 5.477225575051661188e+00
2.936971524115971621e-01 1.596203588933396422e-01 5.477225575051661188e+00
2.944732596797021151e-01 1.593122848740842479e-01 5.477225575051661188e+00
2.952514178444081705e-01 1.589960935977215439e-01 5.477225575051661188e+00
2.960316323252969450e-01 1.586834207868741964e-01 5.477225575051661188e+00
2.968139085562720991e-01 1.582941224260834001e-01 5.477225575051661188e+00
2.975982519855959740e-01 1.581234869738178950e-01 5.477225575051661188e+00
2.983846680759285608e-01 1.578805598049481396e-01 5.477225575051661188e+00
2.991731623043653032e-01 1.575763536378300689e-01 5.477225575051661188e+00
2.999637401624745126e-01 1.572523684731345073e-01 5.477225575051661188e+00
3.007564071563370023e-01 1.569934904976195977e-01 5.477225575051661188e+00
3.015511688065829476e-01 1.565580795347318588e-01 5.477225575051661188e+00
3.023480306484312985e-01 1.563463053603182384e-01 5.477225575051661188e+00
3.031469982317283041e-01 1.561813965462158782e-01 5.477225575051661188e+00
3.039480771209853160e-01 1.558680515791123211e-01 5.477225575051661188e+00
3.047512728954188677e-01 1.556534199516663997e-01 5.477225575051661188e+00
3.055565911489880881e-01 1.553956432723996584e-01 5.477225575051661188e+00
3.063640374904349484e-01 1.550878916413304665e-01 5.477225575051661188e+00
3.071736175433226190e-01 1.548919802962480941e-01 5.477225575051661188e+00
3.079853369460744950e-01 1.546952778324730826e-01 5.477225575051661188e+00
3.087992013520139967e-01 1.543912014030235647e-01 5.477225575051661188e+00
3.096152164294038722e-01 1.540481373316917590e-01 5.477225575051661188e+00
3.104333878614849995e-01 1.539226786628430654e-01 5.477225575051661188e+00
3.112537213465169650e-01 1.536926392041835510e-01 5.477225575051661188e+00
3.120762225978168658e-01 1.532695811686244358e-01 5.477225575051661188e+00
3.129008973437996666e-01 1.532196218219122330e-01 5.477225575051661188e+00
3.137277513280180008e-01 1.531035766448329838e-01 5.477225575051661188e+00
3.145567903092018058e-01 1.527553023479621686e-01 5.477225575051661188e+00
3.153880200612991236e-01 1.525359135256189602e-01 5.477225575051661188e+00
3.162214463735152914e-01 1.523245845925736697e-01 5.477225575051661188e+00
3.170570750503545199e-01 1.521159839919442314e-01 5.477225575051661188e+00
3.178949119116594169e-01 1.518525126113258461e-01 5.477225575051661188e+00
3.187349627926513995e-01 1.517696556174980560e-01 5.477225575051661188e+00
3.195772335439724943e-01 1.513884944245804387e-01 5.477225575051661188e+00
3.204217300317244166e-01 1.512541755761031004e-01 5.477225575051661188e+00
3.212684581375109816e-01 1.510359121661966897e-01 5.477225575051661188e+00
3.221174237584782940e-01 1.510017845158006522e-01 5.477225575051661188e+00
3.229686328073554380e-01 1.506028332355215937e-01 5.477225575051661188e+00
3.238220912124967210e-01 1.503665864852580247e-01 5.477225575051661188e+00
3.246778049179219749e-01 1.504586831659510682e-01 5.477225575051661188e+00
3.255357798833584670e-01 1.490735046536874331e-01 5.477225575051661188e+00
3.263960220842827553e-01 1.497873933067734864e-01 5.477225575051661188e+00
3.272585375119608231e-01 1.495815646116389619e-01 5.477225575051661188e+00
3.281233321734919328e-01 1.494915998793509282e-01 5.477225575051661188e+00
3.289904120918488162e-01 1.491217078580132360e-01 5.477225575051661188e+00
3.298597833059200291e-01 1.491993098535133178e-01 5.477225575051661188e+00
3.307314518705525841e-01 1.489795547964538891e-01 5.477225575051661188e+00
3.316054238565931955e-01 1.487989790493697007e-01 5.477225575051661188e+00
3.324817053509314668e-01 1.486213297444219650e-01 5.477225575051661188e+00
3.333603024565418016e-01 1.483702792441737583e-01 5.477225575051661188e+00
3.342412212925255921e-01 1.482096824530840240e-01 5.477225575051661188e+00
3.351244679941548510e-01 1.481299187784337612e-01 5.477225575051661188e+00
3.360100487129135671e-01 1.477513322298703302e-01 5.477225575051661188e+00
3.368979696165419480e-01 1.476582852739523610e-01 5.477225575051661188e+00
3.377882368890785525e-01 1.474554009557738909e-01 5.477225575051661188e+00
3.386808567309031459e-01 1.474876697356446720e-01 5.477225575051661188e+00
3.395758353587808309e-01 1.472264335875614616e-01 5.477225575051661188e+00
3.404731790059041252e-01 1.469983260075663489e-01 5.477225575051661188e+00
3.413728939219375369e-01 1.468862915742195629e-01 5.477225575051661188e+00
3.422749863730607522e-01 1.466642734820471916e-01 5.477225575051661188e+00
3.431794626420113237e-01 1.465403787128464475e-01 5.477225575051661188e+00
3.440863290281300779e-01 1.463242823477478860e-01 5.477225575051661188e+00
3.449955918474032490e-01 1.462862176469663100e-01 5.477225575051661188e+00
3.459072574325080529e-01 1.461500002213477756e-01 5.477225575051661188e+00
3.468213321328559307e-01 1.459407743189037321e-01 5.477225575051661188e+00
3.477378223146365688e-01 1.457992975612637243e-01 5.477225575051661188e+00
3.486567343608629743e-01 1.456112459384968916e-01 5.477225575051661188e+00
3.495780746714151621e-01 1.455565462598953641e-01 5.477225575051661188e+00
3.505018496630854519e-01 1.453857052814626905e-01 5.477225575051661188e+00
3.514280657696228771e-01 1.452518710922835188e-01 5.477225575051661188e+00
3.523567294417773166e-01 1.442273625911943136e-01 5.477225575051661188e+00
3.532878471473457349e-01 1.449686619359608353e-01 5.477225575051661188e+00
3.542214253712162586e-01 1.449087402913036282e-01 5.477225575051661188e+00
3.551574706154132510e-01 1.446714952597177861e-01 5.477225575051661188e+00
3.560959893991437752e-01 1.445727176036819828e-01 5.477225575051661188e+00
3.570369882588411148e-01 1.444341917307319922e-01 5.477225575051661188e+00
3.579804737482123467e-01 1.444716619204589048e-01 5.477225575051661188e+00
3.589264524382825838e-01 1.442174147753762237e-01 5.477225575051661188e+00
3.598749309174408828e-01 1.443468725166016653e-01 5.477225575051661188e+00
3.608259157914869841e-01 1.438729922618555979e-01 5.477225575051661188e+00
3.617794136836761099e-01 1.438472968776345062e-01 5.477225575051661188e+00
3.627354312347660370e-01 1.437396168870038182e-01 5.477225575051661188e+00
3.636939751030634493e-01 1.436021279494405500e-01 5.477225575051661188e+00
3.646550519644689015e-01 1.435025133583691936e-01 5.477225575051661188e+00
3.656186685125253355e-01 1.433847818578678213e-01 5.477225575051661188e+00
3.665848314584627121e-01 1.431825873999562904e-01 5.477225575051661188e+00
3.675535475312464717e-01 1.431799302187433121e-01 5.477225575051661188e+00
3.685248234776234422e-01 1.428481711055676617e-01 5.477225575051661188e+00
3.694986660621686347e-01 1.429332215141409235e-01 5.477225575051661188e+00
3.704750820673333722e-01 1.428372909538952740e-01 5.477225575051661188e+00
3.714540782934910856e-01 1.427538628554877453e-01 5.477225575051661188e+00
3.724356615589862196e-01 1.426210758851306215e-01 5.477225575051661188e+00
3.734198387001808617e-01 1.424975956731711901e-01 5.477225575051661188e+00
3.744066165715019823e-01 1.423737785383760168e-01 5.477225575051661188e+00
3.753960020454901181e-01 1.423049724064100185e-01 5.477225575051661188e+00
3.763880020128469450e-01 1.422307514694803043e-01 5.477225575051661188e+00
3.773826233824824072e-01 1.421196748020843170e-01 5.477225575051661188e+00
3.783798730815644551e-01 1.420288186212786963e-01 5.477225575051661188e+00
3.793797580555653415e-01 1.420292526270330313e-01 5.477225575051661188e+00
3.803822852683119704e-01 1.418383986540510400e-01 5.477225575051661188e+00
3.813874617020331925e-01 1.417470963316669330e-01 5.477225575051661188e+00
3.823952943574080998e-01 1.416495714738479350e-01 5.477225575051661188e+00
3.834057902536162077e-01 1.415931306730748851e-01 5.477225575051661188e+00
