2.738612787525830303e-02 1.553990035638764811e+00 9.128709291752769017e-01
2.745849688774178524e-02 1.033341844651310293e+00 9.128709291752769017e-01
2.753105713843142024e-02 1.861436144394705838e+00 9.128709291752769017e-01
2.760380913268230263e-02 3.291156687292230987e-01 9.128709291752769017e-01
2.767675337718500730e-02 7.862929432008129993e-01 9.128709291752769017e-01
2.774989037996901386e-02 7.517845428811427144e-01 9.128709291752769017e-01
2.782322065040631828e-02 1.109875376338945951e+00 9.128709291752769017e-01
2.789674469921496480e-02 9.968080715115773538e-01 9.128709291752769017e-01
2.797046303846255355e-02 3.361082392560009735e-01 9.128709291752769017e-01
2.804437618156989040e-02 2.768143671050573573e-01 9.128709291752769017e-01
2.811848464331445988e-02 1.836744015544025388e-01 9.128709291752769017e-01
2.819278893983413053e-02 3.708054192519260606e-01 9.128709291752769017e-01
2.826728958863066257e-02 2.355556164428485866e-01 9.128709291752769017e-01
2.834198710857330564e-02 2.383293927389328604e-01 9.128709291752769017e-01
2.841688201990248686e-02 3.096098961733420030e-01 9.128709291752769017e-01
2.849197484423339477e-02 2.377931874925504896e-01 9.128709291752769017e-01
2.856726610455954593e-02 1.399046828288728617e-01 9.128709291752769017e-01
2.864275632525657700e-02 1.902682399835864679e-01 9.128709291752769017e-01
2.871844603208573155e-02 2.347113229624665232e-01 9.128709291752769017e-01
2.879433575219763480e-02 1.925060853301642227e-01 9.128709291752769017e-01
2.887042601413596088e-02 1.700957214486651659e-01 9.128709291752769017e-01
2.894671734784101322e-02 1.496416808883362926e-01 9.128709291752769017e-01
2.902321028465355141e-02 1.685359460439821433e-01 9.128709291752769017e-01
2.909990535731837163e-02 2.080558816932363275e-01 9.128709291752769017e-01
2.917680309998810576e-02 2.106862319474556433e-01 9.128709291752769017e-01
2.925390404822691276e-02 1.553295497264966518e-01 9.128709291752769017e-01
2.933120873901415640e-02 1.699755948082774248e-01 9.128709291752769017e-01
2.940871771074825627e-02 1.534497606705953199e-01 9.128709291752769017e-01
2.948643150325030646e-02 1.519249103301835990e-01 9.128709291752769017e-01
2.956435065776794741e-02 1.268173902476397163e-01 9.128709291752769017e-01
2.964247571697909561e-02 1.664247711981874933e-01 9.128709291752769017e-01
2.972080722499565938e-02 1.539518122672544342e-01 9.128709291752769017e-01
2.979934572736745932e-02 1.981695382653733406e-01 9.128709291752769017e-01
2.987809177108588857e-02 2.004019507347288287e-01 9.128709291752769017e-01
2.995704590458782984e-02 1.664654824561037083e-01 9.128709291752769017e-01
3.003620867775944406e-02 1.661530271854579910e-01 9.128709291752769017e-01
3.011558064193993467e-02 2.375244740552297784e-01 9.128709291752769017e-01
3.019516234992550979e-02 2.474976875159074219e-01 9.128709291752769017e-01
3.027495435597309797e-02 1.354594879640599880e-01 9.128709291752769017e-01
3.035495721580432418e-02 1.894170263749433702e-01 9.128709291752769017e-01
3.043517148660933661e-02 2.573741054344362289e-01 9.128709291752769017e-01
3.051559772705062651e-02 2.547522117686888410e-01 9.128709291752769017e-01
3.059623649726702851e-02 5.260103221494570880e-01 9.128709291752769017e-01
3.067708835887756474e-02 2.342448557063006309e-01 9.128709291752769017e-01
3.075815387498530978e-02 3.977264585308125655e-01 9.128709291752769017e-01
3.083943361018143606e-02 1.637192834637087036e-01 9.128709291752769017e-01
3.092092813054899553e-02 4.492570295455945995e-01 9.128709291752769017e-01
3.100263800366699282e-02 3.625598080358086173e-01 9.128709291752769017e-01
3.108456379861428837e-02 6.992115941908555454e-01 9.128709291752769017e-01
3.116670608597350151e-02 6.035671215337933271e-01 9.128709291752769017e-01
3.124906543783510793e-02 6.767593289787261490e-01 9.128709291752769017e-01
3.133164242780130115e-02 7.350370277594995283e-01 9.128709291752769017e-01
3.141443763099006914e-02 1.419193554896077014e+00 9.128709291752769017e-01
3.149745162403919801e-02 1.305025203683418678e+00 9.128709291752769017e-01
3.158068498511019950e-02 2.529171572848656790e+00 9.128709291752769017e-01
3.166413829389248119e-02 1.872272771772440336e+00 9.128709291752769017e-01
3.174781213160721843e-02 1.790016689439992481e+00 9.128709291752769017e-01
3.183170708101156626e-02 5.060072301069431511e+00 9.128709291752769017e-01
3.191582372640260068e-02 4.336417735058040179e+00 9.128709291752769017e-01
3.200016265362142648e-02 9.148007904534596335e+00 9.128709291752769017e-01
3.208472445005728507e-02 1.247986055031137553e+01 9.128709291752769017e-01
3.216950970465156517e-02 1.719461715995589302e+01 9.128709291752769017e-01
3.225451900790202164e-02 1.951872906399129448e+01 9.128709291752769017e-01
3.233975295186680005e-02 1.514271859340548332e+01 9.128709291752769017e-01
3.242521213016855836e-02 1.039861050780604934e+01 9.128709291752769017e-01
3.251089713799866499e-02 8.203399475004475860e+00 9.128709291752769017e-01
3.259680857212131355e-02 6.188357780096888305e+00 9.128709291752769017e-01
3.268294703087760988e-02 2.798121409302033680e+00 9.128709291752769017e-01
3.276931311418988108e-02 2.282587488542771936e+00 9.128709291752769017e-01
3.285590742356571392e-02 2.666520720684938173e+00 9.128709291752769017e-01
3.294273056210222234e-02 2.707870832079600998e+00 9.128709291752769017e-01
3.302978313449028008e-02 2.212283008880541857e+00 9.128709291752769017e-01
3.311706574701858002e-02 3.083049876470718709e-01 9.128709291752769017e-01
3.320457900757806807e-02 7.838753761671701792e-01 9.128709291752769017e-01
3.329232352566596775e-02 5.470792249453851896e-01 9.128709291752769017e-01
3.338029991239020722e-02 1.375072285601887767e+00 9.128709291752769017e-01
3.346850878047356870e-02 7.547508484069644918e-01 9.128709291752769017e-01
3.355695074425794205e-02 9.548004787861911202e-01 9.128709291752769017e-01
3.364562641970869628e-02 4.099544038058769435e-01 9.128709291752769017e-01
3.373453642441887057e-02 3.497332613689260183e-01 9.128709291752769017e-01
3.382368137761354587e-02 3.858875704797575246e-01 9.128709291752769017e-01
3.391306190015415389e-02 4.878680700938354264e-01 9.128709291752769017e-01
3.400267861454270985e-02 6.793849455019111971e-01 9.128709291752769017e-01
3.409253214492629497e-02 4.276002183807879886e-01 9.128709291752769017e-01
3.418262311710125456e-02 2.649391562509476050e-01 9.128709291752769017e-01
3.427295215851768051e-02 2.300712197998791564e-01 9.128709291752769017e-01
3.436351989828372727e-02 2.373395756895385345e-01 9.128709291752769017e-01
3.445432696716994869e-02 2.245173310998961891e-01 9.128709291752769017e-01
3.454537399761377359e-02 1.816368719093741924e-01 9.128709291752769017e-01
3.463666162372389806e-02 2.008641026086251946e-01 9.128709291752769017e-01
3.472819048128459457e-02 1.668543178865168342e-01 9.128709291752769017e-01
3.481996120776031239e-02 1.814795827033940656e-01 9.128709291752769017e-01
3.491197444229995200e-02 1.788109781361972017e-01 9.128709291752769017e-01
3.500423082574146555e-02 1.567295463110660036e-01 9.128709291752769017e-01
3.509673100061620060e-02 1.710056476610786191e-01 9.128709291752769017e-01
3.518947561115341044e-02 1.550337343322319150e-01 9.128709291752769017e-01
3.528246530328481290e-02 1.622705420788119191e-01 9.128709291752769017e-01
3.537570072464894105e-02 1.561074163795983238e-01 9.128709291752769017e-01
3.546918252459580617e-02 1.528442228643198120e-01 9.128709291752769017e-01
3.556291135419135940e-02 2.361999301884803726e-01 9.128709291752769017e-01
3.565688786622194656e-02 2.027198096131844207e-01 9.128709291752769017e-01
3.575111271519902656e-02 1.368217495376620740e-01 9.128709291752769017e-01
3.584558655736355681e-02 1.475861070157633848e-01 9.128709291752769017e-01
3.594031005069067697e-02 1.627865343775315998e-01 9.128709291752769017e-01
3.603528385489426777e-02 1.474625398439010082e-01 9.128709291752769017e-01
3.613050863143147523e-02 1.499635137051282818e-01 9.128709291752769017e-01
3.622598504350743598e-02 1.484226627372575158e-01 9.128709291752769017e-01
3.632171375607979452e-02 1.515867886637986828e-01 9.128709291752769017e-01
3.641769543586337310e-02 3.275081355100438740e-01 9.128709291752769017e-01
3.651393075133486932e-02 1.886386017263396997e-01 9.128709291752769017e-01
3.661042037273738031e-02 1.649239271325688150e-01 9.128709291752769017e-01
3.670716497208521834e-02 1.621093380873693812e-01 9.128709291752769017e-01
3.680416522316848349e-02 1.827963403074912840e-01 9.128709291752769017e-01
3.690142180155779605e-02 1.210762022251845593e-01 9.128709291752769017e-01
3.699893538460902881e-02 1.804711760895216233e-01 9.128709291752769017e-01
3.709670665146795610e-02 1.821153456437765994e-01 9.128709291752769017e-01
3.719473628307504859e-02 1.662252874071767916e-01 9.128709291752769017e-01
3.729302496217020563e-02 2.016381288908248304e-01 9.128709291752769017e-01
3.739157337329745284e-02 2.136116140193516644e-01 9.128709291752769017e-01
3.749038220280980632e-02 2.178233649735954458e-01 9.128709291752769017e-01
3.758945213887392861e-02 2.215040069804884160e-01 9.128709291752769017e-01
3.768878387147506226e-02 1.543865999534923539e-01 9.128709291752769017e-01
3.778837809242174828e-02 2.446567264007588616e-01 9.128709291752769017e-01
3.788823549535061397e-02 2.508148047591890473e-01 9.128709291752769017e-01
3.798835677573131342e-02 3.114042895820017809e-01 9.128709291752769017e-01
3.808874263087128759e-02 3.290813801670142702e-01 9.128709291752769017e-01
3.818939375992060070e-02 3.561197520563996188e-01 9.128709291752769017e-01
3.829031086387694321e-02 4.192376808527985554e-01 9.128709291752769017e-01
3.839149464559030861e-02 3.140809358524387918e-01 9.128709291752769017e-01
3.849294580976810043e-02 7.029884870761957671e-01 9.128709291752769017e-01
3.859466506297987154e-02 1.376620216146117848e+00 9.128709291752769017e-01
3.869665311366234789e-02 6.012947365661363008e-01 9.128709291752769017e-01
3.879891067212435513e-02 1.727281886515941167e+00 9.128709291752769017e-01
3.890143845055167582e-02 8.618704005808477397e-01 9.128709291752769017e-01
3.900423716301210791e-02 2.014640074091853528e+00 9.128709291752769017e-01
3.910730752546044686e-02 9.836620557999785630e-01 9.128709291752769017e-01
3.921065025574334284e-02 1.492475129993764860e+00 9.128709291752769017e-01
3.931426607360445635e-02 1.834554409712406464e+00 9.128709291752769017e-01
3.941815570068935015e-02 2.210004144604680310e+00 9.128709291752769017e-01
3.952231986055059626e-02 4.549226323635886970e+00 9.128709291752769017e-01
3.962675927865282749e-02 5.564631213622991623e+00 9.128709291752769017e-01
3.973147468237762936e-02 7.082768802149974618e+00 9.128709291752769017e-01
3.983646680102886223e-02 8.907863550049613721e+00 9.128709291752769017e-01
3.994173636583747689e-02 1.161476352041979787e+01 9.128709291752769017e-01
4.004728410996682975e-02 1.466659844876790686e+01 9.128709291752769017e-01
4.015311076851766497e-02 1.866606641307020809e+01 9.128709291752769017e-01
4.025921707853320763e-02 1.902425043287283657e+01 9.128709291752769017e-01
4.036560377900445112e-02 1.524832057905015326e+01 9.128709291752769017e-01
4.047227161087511155e-02 1.196502138682569338e+01 9.128709291752769017e-01
4.057922131704691515e-02 9.507904250790856437e+00 9.128709291752769017e-01
4.068645364238477474e-02 7.622802535928803636e+00 9.128709291752769017e-01
4.079396933372187589e-02 6.238640416100492914e+00 9.128709291752769017e-01
4.090176913986499213e-02 2.442608901738334115e+00 9.128709291752769017e-01
4.100985381159960586e-02 2.454553667977088516e+00 9.128709291752769017e-01
4.111822410169523739e-02 2.084764318383236059e+00 9.128709291752769017e-01
4.122688076491060061e-02 3.090664420645034216e+00 9.128709291752769017e-01
4.133582455799886951e-02 1.334585524770384390e+00 9.128709291752769017e-01
4.144505623971301428e-02 2.252285319824407051e+00 9.128709291752769017e-01
4.155457657081103318e-02 9.354748955053007187e-01 9.128709291752769017e-01
4.166438631406122611e-02 7.446949406921927750e-01 9.128709291752769017e-01
4.177448623424759311e-02 7.204927790347260830e-01 9.128709291752769017e-01
4.188487709817504540e-02 1.410283828078208401e+00 9.128709291752769017e-01
4.199555967467488715e-02 6.849107263694123038e-01 9.128709291752769017e-01
4.210653473460999885e-02 4.714585193292663012e-01 9.128709291752769017e-01
4.221780305088038143e-02 4.618950918495813851e-01 9.128709291752769017e-01
4.232936539842843682e-02 4.215913206713092221e-01 9.128709291752769017e-01
4.244122255424433166e-02 4.175733506721191479e-01 9.128709291752769017e-01
4.255337529737153457e-02 4.127519643244455527e-01 9.128709291752769017e-01
4.266582440891215217e-02 3.346965671987536250e-01 9.128709291752769017e-01
4.277857067203233443e-02 3.288028264262274347e-01 9.128709291752769017e-01
4.289161487196785361e-02 2.968973538479451335e-01 9.128709291752769017e-01
4.300495779602944713e-02 3.049439843061408362e-01 9.128709291752769017e-01
4.311860023360836874e-02 2.935776208465856740e-01 9.128709291752769017e-01
4.323254297618192576e-02 2.629927701549578112e-01 9.128709291752769017e-01
4.334678681731884281e-02 2.735557660718600514e-01 9.128709291752769017e-01
4.346133255268495865e-02 2.376381084480355677e-01 9.128709291752769017e-01
4.357618098004864549e-02 2.262697334745946143e-01 9.128709291752769017e-01
4.369133289928644331e-02 2.583924647504085570e-01 9.128709291752769017e-01
4.380678911238861800e-02 2.088131625088925081e-01 9.128709291752769017e-01
4.392255042346464994e-02 2.017793006858656368e-01 9.128709291752769017e-01
4.403861763874900026e-02 1.947322412249594403e-01 9.128709291752769017e-01
4.415499156660661340e-02 1.615564468966967093e-01 9.128709291752769017e-01
4.427167301753852369e-02 1.415443393797774230e-01 9.128709291752769017e-01
4.438866280418762855e-02 1.558704096807632944e-01 9.128709291752769017e-01
4.450596174134418409e-02 1.748568757567013909e-01 9.128709291752769017e-01
4.462357064595166845e-02 1.710348486264232359e-01 9.128709291752769017e-01
4.474149033711224271e-02 1.588852747635353946e-01 9.128709291752769017e-01
4.485972163609268371e-02 1.622962437223279542e-01 9.128709291752769017e-01
4.497826536632998362e-02 1.633742162709347079e-01 9.128709291752769017e-01
4.509712235343702608e-02 1.582610658303804929e-01 9.128709291752769017e-01
4.521629342520850497e-02 1.563571048414219566e-01 9.128709291752769017e-01
4.533577941162655889e-02 1.515325336069996975e-01 9.128709291752769017e-01
4.545558114486657891e-02 1.522534553416854675e-01 9.128709291752769017e-01
4.557569945930304428e-02 1.499113903070739828e-01 9.128709291752769017e-01
4.569613519151524694e-02 1.508431813915229458e-01 9.128709291752769017e-01
4.581688918029325208e-02 1.722588031328252112e-01 9.128709291752769017e-01
4.593796226664362964e-02 2.215854236757311413e-01 9.128709291752769017e-01
4.605935529379531768e-02 1.534007083933709437e-01 9.128709291752769017e-01
4.618106910720556901e-02 1.488595020891228804e-01 9.128709291752769017e-01
4.630310455456574520e-02 1.483662506085386412e-01 9.128709291752769017e-01
4.642546248580730478e-02 1.487801065687907043e-01 9.128709291752769017e-01
4.654814375310770830e-02 1.498484981407720851e-01 9.128709291752769017e-01
4.667114921089625390e-02 1.458077066552709022e-01 9.128709291752769017e-01
4.679447971586016969e-02 1.516272320814270047e-01 9.128709291752769017e-01
4.691813612695051872e-02 1.540973938500776463e-01 9.128709291752769017e-01
4.704211930538812481e-02 1.543496986706966445e-01 9.128709291752769017e-01
4.716643011466969265e-02 1.519409550441874757e-01 9.128709291752769017e-01
4.729106942057367813e-02 1.493247229277088473e-01 9.128709291752769017e-01
4.741603809116648471e-02 1.611796523927737090e-01 9.128709291752769017e-01
4.754133699680830605e-02 1.664263141564341075e-01 9.128709291752769017e-01
4.766696701015941257e-02 1.664522390030059584e-01 9.128709291752769017e-01
4.779292900618606343e-02 1.713178107202708023e-01 9.128709291752769017e-01
4.791922386216662666e-02 1.740545579913212182e-01 9.128709291752769017e-01
4.804585245769776164e-02 1.821121422410948432e-01 9.128709291752769017e-01
4.817281567470051845e-02 1.853129386872891804e-01 9.128709291752769017e-01
4.830011439742636081e-02 1.919286037881902662e-01 9.128709291752769017e-01
4.842774951246354986e-02 1.954753669793719562e-01 9.128709291752769017e-01
4.855572190874308386e-02 1.983360384315019653e-01 9.128709291752769017e-01
4.868403247754508195e-02 1.759583512433247066e-01 9.128709291752769017e-01
4.881268211250488348e-02 2.237751704887269433e-01 9.128709291752769017e-01
4.894167170961925828e-02 2.339285557676717975e-01 9.128709291752769017e-01
4.907100216725275577e-02 2.417411968861562788e-01 9.128709291752769017e-01
4.920067438614381811e-02 2.704176986529055471e-01 9.128709291752769017e-01
4.933068926941117788e-02 2.693714706586929353e-01 9.128709291752769017e-01
4.946104772256011695e-02 2.869473725734248970e-01 9.128709291752769017e-01
4.959175065348866290e-02 2.975571020440155867e-01 9.128709291752769017e-01
4.972279897249408387e-02 5.049878550662175725e-01 9.128709291752769017e-01
4.985419359227916125e-02 3.362236415019232427e-01 9.128709291752769017e-01
4.998593542795842781e-02 2.680808826551445700e-01 9.128709291752769017e-01
5.011802539706478044e-02 6.315517800091382528e-01 9.128709291752769017e-01
5.025046441955560023e-02 4.233361001620075115e-01 9.128709291752769017e-01
5.038325341781941386e-02 4.581602480191208082e-01 9.128709291752769017e-01
5.051639331668211774e-02 5.269262872836031342e-01 9.128709291752769017e-01
5.064988504341352837e-02 5.507343310507617495e-01 9.128709291752769017e-01
5.078372952773387017e-02 1.434887406720093184e+00 9.128709291752769017e-01
5.091792770182004824e-02 5.461258049630872691e-01 9.128709291752769017e-01
5.105248050031243462e-02 7.084184780854400065e-01 9.128709291752769017e-01
5.118738886032116880e-02 7.325362055404385231e-01 9.128709291752769017e-01
5.132265372143270804e-02 9.163222046251523478e-01 9.128709291752769017e-01
5.145827602571645398e-02 9.677709985135624082e-01 9.128709291752769017e-01
5.159425671773129607e-02 7.746027019788079837e-01 9.128709291752769017e-01
5.173059674453207857e-02 1.416356842572684460e+00 9.128709291752769017e-01
5.186729705567630355e-02 1.693087840826879686e+00 9.128709291752769017e-01
5.200435860323074366e-02 1.527206317659315804e+00 9.128709291752769017e-01
5.214178234177808263e-02 2.584122302062179077e+00 9.128709291752769017e-01
5.227956922842343784e-02 4.750242317802938707e+00 9.128709291752769017e-01
5.241772022280118820e-02 3.794202200533676628e+00 9.128709291752769017e-01
5.255623628708157996e-02 4.467987981638894546e+00 9.128709291752769017e-01
5.269511838597738806e-02 8.509935465321929016e+00 9.128709291752769017e-01
5.283436748675073014e-02 8.557792848905727112e+00 9.128709291752769017e-01
5.297398455921977639e-02 1.241921479333594291e+01 9.128709291752769017e-01
5.311397057576539016e-02 1.579571727847678453e+01 9.128709291752769017e-01
5.325432651133809453e-02 1.894508374668561146e+01 9.128709291752769017e-01
5.339505334346468512e-02 2.034380546035579940e+01 9.128709291752769017e-01
5.353615205225518286e-02 1.852072734514038288e+01 9.128709291752769017e-01
5.367762362040949531e-02 1.606151420878970271e+01 9.128709291752769017e-01
5.381946903322445269e-02 1.267998681481240375e+01 9.128709291752769017e-01
5.396168927860055947e-02 1.079392033632833048e+01 9.128709291752769017e-01
5.410428534704881526e-02 6.426054915232229270e+00 9.128709291752769017e-01
5.424725823169776473e-02 7.059367160625036774e+00 9.128709291752769017e-01
5.439060892830033245e-02 6.354254363081421886e+00 9.128709291752769017e-01
5.453433843524069236e-02 3.004381338003489610e+00 9.128709291752769017e-01
5.467844775354136627e-02 2.746659847677143329e+00 9.128709291752769017e-01
5.482293788687012809e-02 2.469574885260112040e+00 9.128709291752769017e-01
5.496780984154689409e-02 1.853988290228439473e+00 9.128709291752769017e-01
5.511306462655091165e-02 1.755787913784581322e+00 9.128709291752769017e-01
5.525870325352764956e-02 1.695243340545366184e+00 9.128709291752769017e-01
5.540472673679594506e-02 1.279838297575819128e+00 9.128709291752769017e-01
5.555113609335496361e-02 1.208723140247216721e+00 9.128709291752769017e-01
5.569793234289134587e-02 1.065829278936980984e+00 9.128709291752769017e-01
5.584511650778635483e-02 8.559973254172174029e-01 9.128709291752769017e-01
5.599268961312283549e-02 8.288564380402465570e-01 9.128709291752769017e-01
5.614065268669254927e-02 7.822715681731138293e-01 9.128709291752769017e-01
5.628900675900318923e-02 6.818368230714773048e-01 9.128709291752769017e-01
5.643775286328563123e-02 7.338848928278975947e-01 9.128709291752769017e-01
5.658689203550112262e-02 6.021480715315959964e-01 9.128709291752769017e-01
5.673642531434842234e-02 5.471496128213099164e-01 9.128709291752769017e-01
5.688635374127117700e-02 5.417419560573635273e-01 9.128709291752769017e-01
5.703667836046504014e-02 4.754169258482621729e-01 9.128709291752769017e-01
5.718740021888497893e-02 4.542874946606390574e-01 9.128709291752769017e-01
5.733852036625265713e-02 4.007885254205160730e-01 9.128709291752769017e-01
5.749003985506359604e-02 3.978157991206916488e-01 9.128709291752769017e-01
5.764195974059462685e-02 3.734277465235478766e-01 9.128709291752769017e-01
5.779428108091119037e-02 3.586801501964821948e-01 9.128709291752769017e-01
5.794700493687467147e-02 3.386971152768482596e-01 9.128709291752769017e-01
5.810013237214989995e-02 3.274950304836817261e-01 9.128709291752769017e-01
5.825366445321241565e-02 3.087603800117176278e-01 9.128709291752769017e-01
5.840760224935601097e-02 2.653471925230953543e-01 9.128709291752769017e-01
5.856194683270008611e-02 2.848936987921915631e-01 9.128709291752769017e-01
5.871669927819719859e-02 2.749709327835806461e-01 9.128709291752769017e-01
5.887186066364052950e-02 2.641368175844674426e-01 9.128709291752769017e-01
5.902743206967133588e-02 2.493132692244065252e-01 9.128709291752769017e-01
5.918341457978652104e-02 2.453814225177707864e-01 9.128709291752769017e-01
5.933980928034621877e-02 2.295593865431401204e-01 9.128709291752769017e-01
5.949661726058123185e-02 2.292460479337977419e-01 9.128709291752769017e-01
5.965383961260079665e-02 2.228909417169138985e-01 9.128709291752769017e-01
5.981147743140002165e-02 2.156295384230876022e-01 9.128709291752769017e-01
5.996953181486762430e-02 2.066523040361929187e-01 9.128709291752769017e-01
6.012800386379355683e-02 2.069117940467546657e-01 9.128709291752769017e-01
6.028689468187657663e-02 2.007913980652332731e-01 9.128709291752769017e-01
6.044620537573210800e-02 1.982797485983149588e-01 9.128709291752769017e-01
6.060593705489979166e-02 1.912542881239484294e-01 9.128709291752769017e-01
6.076609083185129101e-02 1.191839410126727811e-01 9.128709291752769017e-01
6.092666782199807063e-02 1.828612334588272659e-01 9.128709291752769017e-01
6.108766914369900131e-02 1.800261379900167102e-01 9.128709291752769017e-01
6.124909591826839528e-02 1.765472575603578564e-01 9.128709291752769017e-01
6.141094926998359738e-02 1.731805697922013110e-01 9.128709291752769017e-01
6.157323032609293700e-02 2.058229847134911139e-01 9.128709291752769017e-01
6.173594021682354827e-02 1.678916394433265513e-01 9.128709291752769017e-01
6.189908007538923868e-02 1.651931162030342293e-01 9.128709291752769017e-01
6.206265103799835786e-02 1.630011014056408636e-01 9.128709291752769017e-01
6.222665424386176342e-02 1.610497352501645274e-01 9.128709291752769017e-01
6.239109083520069654e-02 1.595961419977439955e-01 9.128709291752769017e-01
6.255596195725481035e-02 1.573760571211982318e-01 9.128709291752769017e-01
6.272126875829006631e-02 1.563203121595570788e-01 9.128709291752769017e-01
6.288701238960676954e-02 1.545873572227920989e-01 9.128709291752769017e-01
6.305319400554762477e-02 1.533082487997485810e-01 9.128709291752769017e-01
6.321981476350566065e-02 1.520971045753902184e-01 9.128709291752769017e-01
6.338687582393244535e-02 1.554100857839838534e-01 9.128709291752769017e-01
6.355437835034603855e-02 1.504634537374641701e-01 9.128709291752769017e-01
6.372232350933916545e-02 1.478645480801289158e-01 9.128709291752769017e-01
6.389071247058736303e-02 1.491612700045993889e-01 9.128709291752769017e-01
6.405954640685697365e-02 1.485305957632906682e-01 9.128709291752769017e-01
6.422882649401354116e-02 1.469464426622475173e-01 9.128709291752769017e-01
6.439855391102983218e-02 1.481258183654106109e-01 9.128709291752769017e-01
6.456872983999407956e-02 1.478430436197559483e-01 9.128709291752769017e-01
6.473935546611830905e-02 1.477400909985851218e-01 9.128709291752769017e-01
6.491043197774640228e-02 1.481812985878659950e-01 9.128709291752769017e-01
6.508196056636263160e-02 1.483138925415889431e-01 9.128709291752769017e-01
6.525394242659970923e-02 1.484631288437927854e-01 9.128709291752769017e-01
6.542637875624722488e-02 1.505120701378686032e-01 9.128709291752769017e-01
6.559927075626005577e-02 1.505767580697118524e-01 9.128709291752769017e-01
6.577261963076658224e-02 1.495173666944623614e-01 9.128709291752769017e-01
6.594642658707715321e-02 1.522916119593923090e-01 9.128709291752769017e-01
6.612069283569252387e-02 1.541942295250722239e-01 9.128709291752769017e-01
6.629541959031219622e-02 1.518631365315843140e-01 9.128709291752769017e-01
6.647060806784296783e-02 1.558321469776866863e-01 9.128709291752769017e-01
6.664625948840735559e-02 1.587614110083459817e-01 9.128709291752769017e-01
6.682237507535206122e-02 1.592876597761672119e-01 9.128709291752769017e-01
6.699895605525664488e-02 1.648918128505620917e-01 9.128709291752769017e-01
6.717600365794179629e-02 1.638988564652917868e-01 9.128709291752769017e-01
6.735351911647817491e-02 1.658305135641553185e-01 9.128709291752769017e-01
6.753150366719487541e-02 1.690121875372651572e-01 9.128709291752769017e-01
6.770995854968794858e-02 1.710936565069603177e-01 9.128709291752769017e-01
6.788888500682929705e-02 1.835866267132734431e-01 9.128709291752769017e-01
6.806828428477496029e-02 1.784749492241140822e-01 9.128709291752769017e-01
6.824815763297417681e-02 1.802677106206505564e-01 9.128709291752769017e-01
6.842850630417783575e-02 1.850594469569387668e-01 9.128709291752769017e-01
6.860933155444723375e-02 1.881976266196812020e-01 9.128709291752769017e-01
6.879063464316295673e-02 1.937803988079117579e-01 9.128709291752769017e-01
6.897241683303347026e-02 1.983660876584510679e-01 9.128709291752769017e-01
6.915467939010404297e-02 2.038239366260839458e-01 9.128709291752769017e-01
6.933742358376553117e-02 2.091230634961513402e-01 9.128709291752769017e-01
6.952065068676316351e-02 2.150107344738803328e-01 9.128709291752769017e-01
6.970436197520551991e-02 2.222027901777717251e-01 9.128709291752769017e-01
6.988855872857330231e-02 2.286975975623795898e-01 9.128709291752769017e-01
7.007324222972829975e-02 2.357240129491966207e-01 9.128709291752769017e-01
7.025841376492233947e-02 2.428893117879664387e-01 9.128709291752769017e-01
7.044407462380619656e-02 2.520356147217523990e-01 9.128709291752769017e-01
7.063022609943864216e-02 2.638336566415764306e-01 9.128709291752769017e-01
7.081686948829538086e-02 2.761461852444235254e-01 9.128709291752769017e-01
7.100400609027809895e-02 2.828745194624251447e-01 9.128709291752769017e-01
7.119163720872358214e-02 2.952913695398336480e-01 9.128709291752769017e-01
7.137976415041263900e-02 3.185527235350563147e-01 9.128709291752769017e-01
7.156838822557942681e-02 3.200093024662479801e-01 9.128709291752769017e-01
7.175751074792037498e-02 3.370865046273436305e-01 9.128709291752769017e-01
7.194713303460338605e-02 3.536119164368736190e-01 9.128709291752769017e-01
7.213725640627716151e-02 3.816767253275604732e-01 9.128709291752769017e-01
7.232788218708011141e-02 3.904582378779982710e-01 9.128709291752769017e-01
7.251901170464984669e-02 4.104383353391602984e-01 9.128709291752769017e-01
7.271064629013228309e-02 4.380262123439642719e-01 9.128709291752769017e-01
7.290278727819095306e-02 4.256573778059077884e-01 9.128709291752769017e-01
7.309543600701630395e-02 7.050367272512253480e-01 9.128709291752769017e-01
7.328859381833495446e-02 5.441891042428920189e-01 9.128709291752769017e-01
7.348226205741917316e-02 5.597222071674863297e-01 9.128709291752769017e-01
7.367644207309612114e-02 6.018413748506402650e-01 9.128709291752769017e-01
7.387113521775728886e-02 6.668961192361344548e-01 9.128709291752769017e-01
7.406634284736797469e-02 6.942615905876702298e-01 9.128709291752769017e-01
7.426206632147655529e-02 7.505161879393422719e-01 9.128709291752769017e-01
7.445830700322420004e-02 1.054326553580309467e+00 9.128709291752769017e-01
7.465506625935415530e-02 8.618887470228941972e-01 9.128709291752769017e-01
7.485234546022138946e-02 9.640169768701128961e-01 9.128709291752769017e-01
7.505014597980209923e-02 1.063158040940330062e+00 9.128709291752769017e-01
7.524846919570318815e-02 1.172947436938741150e+00 9.128709291752769017e-01
7.544731648917206435e-02 1.297359434073070084e+00 9.128709291752769017e-01
7.564668924510604964e-02 1.449941824063017082e+00 9.128709291752769017e-01
7.584658885206214951e-02 1.622430427058571656e+00 9.128709291752769017e-01
7.604701670226671206e-02 1.824059709763111492e+00 9.128709291752769017e-01
7.624797419162505918e-02 2.032157563299549441e+00 9.128709291752769017e-01
7.644946271973127039e-02 2.522931019370772354e+00 9.128709291752769017e-01
7.665148368987796668e-02 2.743427259178978783e+00 9.128709291752769017e-01
7.685403850906588619e-02 3.222576712452966952e+00 9.128709291752769017e-01
7.705712858801401499e-02 3.653494296652624929e+00 9.128709291752769017e-01
7.726075534116906562e-02 4.498946239067385555e+00 9.128709291752769017e-01
7.746492018671556623e-02 5.143670307099442951e+00 9.128709291752769017e-01
7.766962454658565829e-02 8.613877395797953085e+00 9.128709291752769017e-01
7.787486984646896371e-02 8.218570965072004242e+00 9.128709291752769017e-01
7.808065751582256298e-02 9.735226987249829378e+00 9.128709291752769017e-01
7.828698898788097327e-02 1.216872144261536626e+01 9.128709291752769017e-01
7.849386569966604332e-02 1.562472191824459777e+01 9.128709291752769017e-01
7.870128909199705647e-02 1.652215450528311891e+01 9.128709291752769017e-01
7.890926060950065324e-02 2.006706575780475532e+01 9.128709291752769017e-01
7.911778170062107318e-02 2.094436472044869291e+01 9.128709291752769017e-01
7.932685381763003585e-02 2.092832012370663364e+01 9.128709291752769017e-01
7.953647841663698259e-02 1.902829957272673767e+01 9.128709291752769017e-01
7.974665695759919348e-02 1.666062767559455082e+01 9.128709291752769017e-01
7.995739090433195972e-02 1.453892557797780150e+01 9.128709291752769017e-01
8.016868172451872832e-02 1.139739306166888611e+01 9.128709291752769017e-01
8.038053088972138549e-02 8.879095783392790153e+00 9.128709291752769017e-01
8.059293987539047077e-02 7.938149333687912090e+00 9.128709291752769017e-01
8.080591016087551592e-02 6.174159931121908862e+00 9.128709291752769017e-01
8.101944322943520349e-02 5.193930354815968542e+00 9.128709291752769017e-01
8.123354056824787228e-02 4.415665571792390054e+00 9.128709291752769017e-01
8.144820366842178694e-02 3.419987608696206216e+00 9.128709291752769017e-01
8.166343402500544912e-02 3.303132221617440578e+00 9.128709291752769017e-01
8.187923313699820016e-02 2.881361473054457445e+00 9.128709291752769017e-01
8.209560250736046283e-02 2.571799188861332297e+00 9.128709291752769017e-01
8.231254364302433013e-02 2.275141663172214557e+00 9.128709291752769017e-01
8.253005805490408464e-02 2.015559782172725356e+00 9.128709291752769017e-01
8.274814725790652359e-02 1.839074829093110264e+00 9.128709291752769017e-01
8.296681277094181128e-02 1.669393425543715503e+00 9.128709291752769017e-01
8.318605611693380419e-02 1.514163238740645623e+00 9.128709291752769017e-01
8.340587882283070909e-02 1.392340351129238485e+00 9.128709291752769017e-01
8.362628241961592157e-02 1.281278066441811081e+00 9.128709291752769017e-01
8.384726844231832343e-02 1.177401317538040004e+00 9.128709291752769017e-01
8.406883843002334322e-02 1.092179048040867961e+00 9.128709291752769017e-01
8.429099392588339235e-02 1.291522177934231408e+00 9.128709291752769017e-01
8.451373647712878689e-02 1.047204284218458126e+00 9.128709291752769017e-01
8.473706763507848905e-02 9.704664289624467255e-01 9.128709291752769017e-01
8.496098895515083460e-02 8.358525035195829567e-01 9.128709291752769017e-01
8.518550199687439928e-02 7.867363185426969885e-01 9.128709291752769017e-01
8.541060832389896218e-02 7.426436565899369180e-01 9.128709291752769017e-01
8.563630950400623332e-02 7.029225484520030820e-01 9.128709291752769017e-01
8.586260710912091421e-02 6.648199932376184229e-01 9.128709291752769017e-01
8.608950271532157805e-02 6.308959429491352022e-01 9.128709291752769017e-01
8.631699790285156382e-02 6.014339426241742670e-01 9.128709291752769017e-01
8.654509425613023110e-02 5.732653551080356680e-01 9.128709291752769017e-01
8.677379336376365992e-02 5.468353206243853348e-01 9.128709291752769017e-01
8.700309681855601662e-02 5.224412900990713648e-01 9.128709291752769017e-01
8.723300621752047568e-02 5.003428961030926825e-01 9.128709291752769017e-01
8.746352316189037746e-02 4.805496394668734572e-01 9.128709291752769017e-01
8.769464925713041370e-02 4.616791672982589190e-01 9.128709291752769017e-01
8.792638611294778528e-02 4.384194020184022378e-01 9.128709291752769017e-01
8.815873534330338768e-02 4.087411650067834246e-01 9.128709291752769017e-01
8.839169856642307976e-02 4.118373356094123250e-01 9.128709291752769017e-01
8.862527740480898031e-02 3.974837885267205051e-01 9.128709291752769017e-01
8.885947348525070899e-02 3.840323637191625505e-01 9.128709291752769017e-01
8.909428843883675231e-02 3.707001440301170292e-01 9.128709291752769017e-01
8.932972390096584336e-02 3.591636181999580124e-01 9.128709291752769017e-01
8.956578151135832777e-02 3.529593901878924633e-01 9.128709291752769017e-01
8.980246291406748793e-02 3.381546167392767699e-01 9.128709291752769017e-01
9.003976975749122813e-02 3.284963681415770664e-01 9.128709291752769017e-01
9.027770369438331555e-02 3.183975406108064954e-01 9.128709291752769017e-01
9.051626638186505147e-02 3.105596442417095093e-01 9.128709291752769017e-01
9.075545948143669273e-02 3.021616959953933312e-01 9.128709291752769017e-01
9.099528465898908125e-02 2.933109343304790007e-01 9.128709291752769017e-01
9.123574358481534308e-02 2.316996350044793207e-01 9.128709291752769017e-01
9.147683793362233751e-02 2.797609326949710984e-01 9.128709291752769017e-01
9.171856938454239772e-02 2.733581432833435132e-01 9.128709291752769017e-01
9.196093962114507137e-02 2.669090452579713224e-01 9.128709291752769017e-01
9.220395033144884733e-02 2.608359152839268003e-01 9.128709291752769017e-01
9.244760320793279917e-02 2.561330911147226552e-01 9.128709291752769017e-01
9.269189994754847839e-02 2.494407920346422558e-01 9.128709291752769017e-01
9.293684225173172442e-02 2.446353839058181268e-01 9.128709291752769017e-01
9.318243182641444688e-02 2.400944624904488289e-01 9.128709291752769017e-01
9.342867038203662988e-02 2.354818449292137850e-01 9.128709291752769017e-01
9.367555963355808646e-02 2.305564358996625707e-01 9.128709291752769017e-01
9.392310130047054617e-02 2.259314438134479575e-01 9.128709291752769017e-01
9.417129710680953447e-02 2.215049941244080500e-01 9.128709291752769017e-01
9.442014878116637699e-02 2.183964818078388270e-01 9.128709291752769017e-01
9.466965805670037037e-02 2.145576964966084688e-01 9.128709291752769017e-01
9.491982667115071715e-02 2.115180689214208043e-01 9.128709291752769017e-01
9.517065636684865493e-02 2.077811535362193152e-01 9.128709291752769017e-01
9.542214889072954398e-02 2.048297678124339494e-01 9.128709291752769017e-01
9.567430599434527394e-02 2.014267208406564369e-01 9.128709291752769017e-01
9.592712943387611546e-02 1.986073993165069496e-01 9.128709291752769017e-01
9.618062097014319634e-02 1.956077299407234238e-01 9.128709291752769017e-01
9.643478236862065844e-02 1.928052873381348453e-01 9.128709291752769017e-01
9.668961539944799510e-02 1.899791131575299108e-01 9.128709291752769017e-01
9.694512183744240230e-02 1.876270058786494166e-01 9.128709291752769017e-01
9.720130346211107442e-02 1.856246558899198040e-01 9.128709291752769017e-01
9.745816205766361096e-02 1.831979552874122008e-01 9.128709291752769017e-01
9.771569941302450657e-02 1.809473011344068516e-01 9.128709291752769017e-01
9.797391732184550228e-02 1.789341962036250233e-01 9.128709291752769017e-01
9.823281758251825591e-02 1.769060051809933365e-01 9.128709291752769017e-01
9.849240199818659613e-02 1.748893125448192365e-01 9.128709291752769017e-01
9.875267237675937337e-02 1.732237128095682199e-01 9.128709291752769017e-01
9.901363053092282485e-02 1.720076642824444613e-01 9.128709291752769017e-01
9.927527827815332828e-02 1.697197078914684520e-01 9.128709291752769017e-01
9.953761744073004458e-02 1.681401857490356921e-01 9.128709291752769017e-01
9.980064984574751885e-02 1.671197645238942375e-01 9.128709291752769017e-01
1.000643773251285035e-01 1.651901435041908117e-01 9.128709291752769017e-01
1.003288017156366979e-01 1.644470894994810306e-01 9.128709291752769017e-01
1.005939248588895440e-01 1.629779633508295633e-01 9.128709291752769017e-01
1.008597486013709799e-01 1.611469921249541748e-01 9.128709291752769017e-01
1.011262747944444151e-01 1.595706436872909029e-01 9.128709291752769017e-01
1.013935052943654713e-01 1.595573295016064486e-01 9.128709291752769017e-01
1.016614419622951515e-01 1.576803627498168381e-01 9.128709291752769017e-01
1.019300866643125525e-01 1.568388880587952283e-01 9.128709291752769017e-01
1.021994412714279932e-01 1.559263056340327025e-01 9.128709291752769017e-01
1.024695076595959903e-01 1.556160776036962512e-01 9.128709291752769017e-01
1.027402877097283590e-01 1.541676557096022249e-01 9.128709291752769017e-01
1.030117833077073691e-01 1.533952373341337660e-01 9.128709291752769017e-01
1.032839963443987347e-01 1.525986201381950569e-01 9.128709291752769017e-01
1.035569287156649088e-01 1.519756372431699254e-01 9.128709291752769017e-01
1.038305823223781982e-01 1.513477788970009064e-01 9.128709291752769017e-01
1.041049590704340722e-01 1.505078266169311840e-01 9.128709291752769017e-01
1.043800608707644573e-01 1.502899285143865504e-01 9.128709291752769017e-01
1.046558896393509352e-01 1.501072108989052745e-01 9.128709291752769017e-01
1.049324472972381350e-01 1.493925279738173850e-01 9.128709291752769017e-01
1.052097357705471942e-01 1.484646463009460515e-01 9.128709291752769017e-01
1.054877569904890677e-01 1.487281406746771562e-01 9.128709291752769017e-01
1.057665128933780313e-01 1.486557197616062975e-01 9.128709291752769017e-01
1.060460054206451425e-01 1.480003038070052124e-01 9.128709291752769017e-01
1.063262365188517855e-01 1.477847285303630631e-01 9.128709291752769017e-01
1.066072081397031746e-01 1.475720721106640598e-01 9.128709291752769017e-01
1.068889222400620925e-01 1.475442718942909515e-01 9.128709291752769017e-01
1.071713807819622971e-01 1.470772162421288276e-01 9.128709291752769017e-01
1.074545857326223708e-01 1.475102614885730745e-01 9.128709291752769017e-01
1.077385390644593072e-01 1.321347148099782376e-01 9.128709291752769017e-01
1.080232427551023749e-01 1.476901019764472744e-01 9.128709291752769017e-01
1.083086987874067458e-01 1.474157637238576735e-01 9.128709291752769017e-01
1.085949091494673863e-01 1.480469543265892918e-01 9.128709291752769017e-01
1.088818758346328935e-01 1.483529140271794000e-01 9.128709291752769017e-01
1.091696008415193320e-01 1.486050616428389315e-01 9.128709291752769017e-01
1.094580861740243188e-01 1.493601345504613209e-01 9.128709291752769017e-01
1.097473338413407218e-01 1.493343970142010924e-01 9.128709291752769017e-01
1.100373458579708419e-01 1.497965299532105499e-01 9.128709291752769017e-01
1.103281242437403886e-01 1.498459818167453272e-01 9.128709291752769017e-01
1.106196710238124964e-01 1.506826352431538396e-01 9.128709291752769017e-01
1.109119882287020048e-01 1.520116914810246411e-01 9.128709291752769017e-01
1.112050778942893503e-01 1.522526527164608234e-01 9.128709291752769017e-01
1.114989420618349297e-01 1.528576710454865040e-01 9.128709291752769017e-01
1.117935827779932279e-01 1.540073950145222081e-01 9.128709291752769017e-01
1.120890020948271254e-01 1.557929456042102812e-01 9.128709291752769017e-01
1.123852020698221793e-01 1.550578682345233605e-01 9.128709291752769017e-01
1.126821847659008891e-01 1.565966233453602308e-01 9.128709291752769017e-01
1.129799522514371712e-01 1.580331644150303472e-01 9.128709291752769017e-01
1.132785066002706398e-01 1.586467610422969410e-01 9.128709291752769017e-01
1.135778498917212331e-01 1.593406702566574351e-01 9.128709291752769017e-01
1.138779842106034390e-01 1.612133434746179095e-01 9.128709291752769017e-01
1.141789116472410881e-01 1.624263823048294197e-01 9.128709291752769017e-01
1.144806342974816621e-01 1.634380259214187892e-01 9.128709291752769017e-01
1.147831542627111151e-01 1.653299692700186119e-01 9.128709291752769017e-01
1.150864736498683483e-01 1.670271051015696784e-01 9.128709291752769017e-01
1.153905945714599202e-01 1.684704978052105062e-01 9.128709291752769017e-01
1.156955191455748266e-01 1.702832350011613260e-01 9.128709291752769017e-01
1.160012494958991558e-01 1.721456484315068425e-01 9.128709291752769017e-01
1.163077877517309927e-01 1.739320219844429916e-01 9.128709291752769017e-01
1.166151360479951299e-01 1.728652004017141031e-01 9.128709291752769017e-01
1.169232965252579998e-01 1.791655670273044898e-01 9.128709291752769017e-01
1.172322713297425795e-01 1.802244391024034054e-01 9.128709291752769017e-01
1.175420626133432817e-01 1.826703949537596960e-01 9.128709291752769017e-01
1.178526725336411229e-01 1.853447492787757833e-01 9.128709291752769017e-01
1.181641032539185038e-01 1.878731497118272808e-01 9.128709291752769017e-01
1.184763569431744185e-01 1.901168634254887246e-01 9.128709291752769017e-01
1.187894357761394987e-01 1.930598682800823973e-01 9.128709291752769017e-01
1.191033419332913068e-01 1.964962299105836863e-01 9.128709291752769017e-01
1.194180776008693101e-01 1.992469036361974033e-01 9.128709291752769017e-01
1.197336449708902434e-01 2.033490870515468063e-01 9.128709291752769017e-01
1.200500462411633051e-01 2.058705955025558199e-01 9.128709291752769017e-01
1.203672836153055065e-01 2.105286823357774562e-01 9.128709291752769017e-01
1.206853593027571031e-01 2.128362662330119948e-01 9.128709291752769017e-01
1.210042755187967917e-01 2.182184637020330165e-01 9.128709291752769017e-01
1.213240344845572249e-01 2.250820220226381618e-01 9.128709291752769017e-01
1.216446384270405551e-01 2.267555635435558603e-01 9.128709291752769017e-01
1.219660895791338379e-01 2.313383115258473566e-01 9.128709291752769017e-01
1.222883901796246869e-01 2.359960260590723280e-01 9.128709291752769017e-01
1.226115424732167614e-01 2.450845791272664997e-01 9.128709291752769017e-01
1.229355487105454475e-01 2.467260286294112870e-01 9.128709291752769017e-01
1.232604111481934994e-01 2.515662062015707745e-01 9.128709291752769017e-01
1.235861320487068871e-01 2.572201059247540278e-01 9.128709291752769017e-01
1.239127136806103674e-01 2.631343219822865898e-01 9.128709291752769017e-01
1.242401583184234160e-01 2.701745830478775590e-01 9.128709291752769017e-01
1.245684682426759643e-01 2.771438486907119580e-01 9.128709291752769017e-01
1.248976457399244011e-01 2.837997203496859244e-01 9.128709291752769017e-01
1.252276931027674345e-01 2.905551394320432523e-01 9.128709291752769017e-01
1.255586126298620653e-01 2.990597266927506603e-01 9.128709291752769017e-01
1.258904066259395049e-01 3.074594993470504689e-01 9.128709291752769017e-01
1.262230774018214541e-01 3.159342825057955828e-01 9.128709291752769017e-01
1.265566272744359511e-01 3.258912498786712408e-01 9.128709291752769017e-01
1.268910585668336921e-01 3.350908479084270808e-01 9.128709291752769017e-01
1.272263736082040742e-01 3.448771770233264311e-01 9.128709291752769017e-01
1.275625747338914873e-01 3.569101032800863216e-01 9.128709291752769017e-01
1.278996642854115795e-01 3.675521513391441508e-01 9.128709291752769017e-01
1.282376446104676049e-01 3.797995447552608983e-01 9.128709291752769017e-01
1.285765180629666327e-01 3.927406942926022770e-01 9.128709291752769017e-01
1.289162870030360897e-01 4.052993132494346895e-01 9.128709291752769017e-01
1.292569537970400806e-01 4.198800805126784441e-01 9.128709291752769017e-01
1.295985208175960135e-01 4.359167573245540384e-01 9.128709291752769017e-01
1.299409904435910035e-01 4.529294023286071780e-01 9.128709291752769017e-01
1.302843650601984704e-01 4.695135417441035908e-01 9.128709291752769017e-01
1.306286470588947091e-01 4.886158254096957809e-01 9.128709291752769017e-01
1.309738388374756812e-01 5.068296762123684074e-01 9.128709291752769017e-01
1.313199428000735858e-01 5.279914951500261910e-01 9.128709291752769017e-01
1.316669613571736508e-01 5.491466331905575649e-01 9.128709291752769017e-01
1.320148969256308980e-01 5.742146031009630613e-01 9.128709291752769017e-01
1.323637519286869901e-01 6.500762734618495964e-01 9.128709291752769017e-01
1.327135287959871068e-01 6.294727637562099742e-01 9.128709291752769017e-01
1.330642299635969306e-01 6.555359914786472730e-01 9.128709291752769017e-01
1.334158578740194945e-01 6.872095075110855600e-01 9.128709291752769017e-01
1.337684149762122243e-01 7.201176303521229505e-01 9.128709291752769017e-01
1.341219037256040358e-01 7.547614479724766845e-01 9.128709291752769017e-01
1.344763265841125432e-01 7.946147959385414516e-01 9.128709291752769017e-01
1.348316860201609069e-01 8.370340379017812138e-01 9.128709291752769017e-01
1.351879845086952636e-01 8.854511120255768031e-01 9.128709291752769017e-01
1.355452245312019077e-01 9.336282563210578367e-01 9.128709291752769017e-01
1.359034085757246102e-01 9.859293421051451567e-01 9.128709291752769017e-01
1.362625391368818550e-01 1.044585503698448603e+00 9.128709291752769017e-01
1.366226187158842698e-01 1.107919863143866257e+00 9.128709291752769017e-01
1.369836498205520281e-01 1.177746850541981249e+00 9.128709291752769017e-01
1.373456349653323916e-01 1.257119711967798592e+00 9.128709291752769017e-01
1.377085766713169457e-01 1.335660087726682432e+00 9.128709291752769017e-01
1.380724774662596965e-01 1.426288801419554053e+00 9.128709291752769017e-01
1.384373398845941405e-01 1.532067208009735948e+00 9.128709291752769017e-01
1.388031664674511112e-01 1.640994762198154211e+00 9.128709291752769017e-01
1.391699597626765150e-01 1.764178725395618486e+00 9.128709291752769017e-01
1.395377223248491505e-01 1.900607166234124401e+00 9.128709291752769017e-01
1.399064567152982774e-01 1.983732076932647193e+00 9.128709291752769017e-01
1.402761655021216303e-01 2.227048524296558085e+00 9.128709291752769017e-01
1.406468512602032095e-01 2.418931967408629813e+00 9.128709291752769017e-01
1.410185165712312672e-01 2.638094448960349503e+00 9.128709291752769017e-01
1.413911640237164036e-01 2.849848278523116729e+00 9.128709291752769017e-01
1.417647962130093031e-01 3.159375686409231498e+00 9.128709291752769017e-01
1.421394157413189974e-01 3.476501211808953329e+00 9.128709291752769017e-01
1.425150252177311005e-01 3.829450651955554896e+00 9.128709291752769017e-01
1.428916272582256008e-01 4.254356784862460827e+00 9.128709291752769017e-01
1.432692244856956509e-01 4.733758964671272551e+00 9.128709291752769017e-01
1.436478195299652205e-01 5.332705422862263234e+00 9.128709291752769017e-01
1.440274150278078591e-01 5.953930836472670407e+00 9.128709291752769017e-01
1.444080136229647648e-01 6.679949556216244311e+00 9.128709291752769017e-01
1.447896179661635752e-01 7.549676695715450414e+00 9.128709291752769017e-01
1.451722307151364078e-01 8.487623385920651131e+00 9.128709291752769017e-01
1.455558545346385124e-01 9.756365296805229903e+00 9.128709291752769017e-01
1.459404920964670060e-01 1.263458367674216731e+01 9.128709291752769017e-01
1.463261460794792190e-01 1.346066512765480816e+01 9.128709291752769017e-01
1.467128191696116246e-01 1.448343897227034027e+01 9.128709291752769017e-01
1.471005140598982408e-01 1.675049496253529924e+01 9.128709291752769017e-01
1.474892334504896707e-01 1.848761407067787488e+01 9.128709291752769017e-01
1.478789800486716433e-01 2.053949302534990906e+01 9.128709291752769017e-01
1.482697565688841368e-01 2.233094214414132850e+01 9.128709291752769017e-01
1.486615657327401419e-01 2.369538810984836630e+01 9.128709291752769017e-01
1.490544102690445072e-01 2.442389933155893189e+01 9.128709291752769017e-01
1.494482929138132021e-01 2.434541683792316746e+01 9.128709291752769017e-01
1.498432164102921071e-01 2.362324967896478611e+01 9.128709291752769017e-01
1.502391835089763872e-01 2.227338587156540228e+01 9.128709291752769017e-01
1.506361969676294488e-01 2.048500590243442687e+01 9.128709291752769017e-01
1.510342595513021191e-01 1.858326844656627941e+01 9.128709291752769017e-01
1.514333740323521305e-01 1.665868742439532113e+01 9.128709291752769017e-01
1.518335431904631883e-01 1.485591856819225320e+01 9.128709291752769017e-01
1.522347698126645110e-01 1.312448104229755863e+01 9.128709291752769017e-01
1.526370566933500927e-01 1.169668266677155621e+01 9.128709291752769017e-01
1.530404066342982705e-01 1.040164175453249129e+01 9.128709291752769017e-01
1.534448224446911258e-01 9.262779627679092798e+00 9.128709291752769017e-01
1.538503069411343294e-01 8.288043742492677168e+00 9.128709291752769017e-01
1.542568629476762654e-01 7.441718801685818896e+00 9.128709291752769017e-01
1.546644932958282093e-01 6.695608455677239057e+00 9.128709291752769017e-01
1.550732008245836735e-01 6.069780088070858781e+00 9.128709291752769017e-01
1.554829883804384472e-01 5.518441675367313337e+00 9.128709291752769017e-01
1.558938588174103024e-01 5.030993643918644231e+00 9.128709291752769017e-01
1.563058149970588118e-01 4.605087056192697759e+00 9.128709291752769017e-01
1.567188597885053603e-01 4.231755032608351286e+00 9.128709291752769017e-01
1.571329960684531013e-01 6.422201744602852536e+00 9.128709291752769017e-01
1.575482267212070520e-01 3.604685536938656121e+00 9.128709291752769017e-01
1.579645546386940491e-01 3.349673555616779819e+00 9.128709291752769017e-01
1.583819827204830111e-01 3.113952037301566111e+00 9.128709291752769017e-01
1.588005138738051436e-01 2.906865377475796208e+00 9.128709291752769017e-01
1.592201510135740072e-01 2.724935580479368014e+00 9.128709291752769017e-01
1.596408970624060564e-01 2.546456882418484557e+00 9.128709291752769017e-01
1.600627549506409009e-01 2.396256468193416644e+00 9.128709291752769017e-01
1.604857276163615398e-01 2.258289538053165124e+00 9.128709291752769017e-01
1.609098180054151783e-01 2.128863610406766860e+00 9.128709291752769017e-01
1.613350290714334057e-01 2.014886531744495279e+00 9.128709291752769017e-01
1.617613637758529566e-01 1.932605414838575397e+00 9.128709291752769017e-01
1.621888250879363613e-01 1.812416601471662059e+00 9.128709291752769017e-01
1.626174159847924294e-01 1.723000810540676442e+00 9.128709291752769017e-01
1.630471394513971217e-01 1.639830440213734697e+00 9.128709291752769017e-01
1.634779984806144781e-01 1.563934651229225148e+00 9.128709291752769017e-01
1.639099960732171291e-01 1.493830920550269559e+00 9.128709291752769017e-01
1.643431352379074450e-01 1.431409650416698209e+00 9.128709291752769017e-01
1.647774189913384646e-01 1.367038325754846850e+00 9.128709291752769017e-01
1.652128503581347108e-01 1.313263924628117474e+00 9.128709291752769017e-01
1.656494323709136185e-01 1.260153914510143913e+00 9.128709291752769017e-01
1.660871680703063236e-01 1.210504683122478831e+00 9.128709291752769017e-01
1.665260605049789511e-01 1.164180616557020542e+00 9.128709291752769017e-01
1.669661127316538207e-01 1.120858820034855707e+00 9.128709291752769017e-01
1.674073278151309296e-01 1.080997964667035349e+00 9.128709291752769017e-01
1.678497088283090466e-01 1.039339953474523126e+00 9.128709291752769017e-01
1.682932588522071116e-01 1.007184545745420490e+00 9.128709291752769017e-01
1.687379809759859128e-01 9.751881504552004643e-01 9.128709291752769017e-01
1.691838782969694033e-01 9.424545357843748805e-01 9.128709291752769017e-01
1.696309539206664885e-01 9.155204655168218686e-01 9.128709291752769017e-01
1.700792109607923430e-01 8.846570935598130347e-01 9.128709291752769017e-01
1.705286525392903374e-01 8.577331181802596571e-01 9.128709291752769017e-01
1.709792817863537151e-01 8.315737602975065146e-01 9.128709291752769017e-01
1.714311018404473252e-01 8.084856772285763382e-01 9.128709291752769017e-01
1.718841158483297160e-01 7.829153357428291216e-01 9.128709291752769017e-01
1.723383269650747007e-01 7.641020541057245152e-01 9.128709291752769017e-01
1.727937383540935623e-01 7.427374318607059545e-01 9.128709291752769017e-01
1.732503531871570357e-01 7.455391221540218494e-01 9.128709291752769017e-01
1.737081746444174291e-01 7.024753017754372664e-01 9.128709291752769017e-01
1.741672059144307450e-01 6.869580939224839700e-01 9.128709291752769017e-01
1.746274501941788015e-01 6.693437528973329442e-01 9.128709291752769017e-01
1.750889106890916314e-01 6.539772153582246172e-01 9.128709291752769017e-01
1.755515906130697135e-01 6.391149081500074880e-01 9.128709291752769017e-01
1.760154931885065388e-01 6.239985740424665028e-01 9.128709291752769017e-01
1.764806216463107313e-01 6.098508086093060721e-01 9.128709291752769017e-01
1.769469792259287799e-01 5.965452273456366417e-01 9.128709291752769017e-01
1.774145691753676313e-01 5.829184251676003958e-01 9.128709291752769017e-01
1.778833947512170610e-01 5.716801704344514068e-01 9.128709291752769017e-01
1.783534592186727663e-01 5.588677488346446287e-01 9.128709291752769017e-01
1.788247658515586258e-01 5.474628789448294786e-01 9.128709291752769017e-01
1.792973179323499033e-01 5.363821102498713689e-01 9.128709291752769017e-01
1.797711187521958132e-01 5.258832795772938606e-01 9.128709291752769017e-01
1.802461716109426682e-01 5.151594515005558650e-01 9.128709291752769017e-01
1.807224798171567781e-01 5.070330420278335026e-01 9.128709291752769017e-01
1.812000466881473482e-01 4.948063819236024341e-01 9.128709291752769017e-01
1.816788755499899044e-01 4.872207172894371663e-01 9.128709291752769017e-01
1.821589697375490258e-01 4.785350219923971138e-01 9.128709291752769017e-01
1.826403325945021305e-01 4.697353933051936492e-01 9.128709291752769017e-01
1.831229674733621526e-01 4.608194215615452616e-01 9.128709291752769017e-01
1.836068777355013282e-01 4.542242907089804604e-01 9.128709291752769017e-01
1.840920667511744546e-01 4.457929370439265848e-01 9.128709291752769017e-01
1.845785378995423720e-01 4.382283441921365763e-01 9.128709291752769017e-01
1.850662945686954719e-01 4.303946155360627301e-01 9.128709291752769017e-01
1.855553401556773174e-01 4.226776205567387423e-01 9.128709291752769017e-01
1.860456780665083465e-01 4.172012539976143741e-01 9.128709291752769017e-01
1.865373117162094085e-01 4.116362273142322725e-01 9.128709291752769017e-01
1.870302445288259396e-01 4.053334223660167712e-01 9.128709291752769017e-01
1.875244799374514160e-01 3.983496254953921567e-01 9.128709291752769017e-01
1.880200213842513346e-01 3.922378274495423867e-01 9.128709291752769017e-01
1.885168723204874441e-01 3.874412537998051520e-01 9.128709291752769017e-01
1.890150362065413925e-01 3.821095829348097328e-01 9.128709291752769017e-01
1.895145165119392350e-01 3.773564591499746768e-01 9.128709291752769017e-01
1.900153167153753042e-01 3.717718605746723193e-01 9.128709291752769017e-01
1.905174403047365239e-01 3.669875323195114225e-01 9.128709291752769017e-01
1.910208907771266673e-01 3.614411046224743629e-01 9.128709291752769017e-01
1.915256716388908653e-01 3.577804702082404420e-01 9.128709291752769017e-01
1.920317864056398649e-01 3.521817826419811892e-01 9.128709291752769017e-01
1.925392386022745095e-01 3.478015958316466594e-01 9.128709291752769017e-01
1.930480317630103859e-01 3.438553358268627291e-01 9.128709291752769017e-01
1.935581694314023882e-01 3.392363187057386709e-01 9.128709291752769017e-01
1.940696551603695030e-01 3.352376752934085880e-01 9.128709291752769017e-01
1.945824925122193183e-01 3.304842444965495063e-01 9.128709291752769017e-01
1.950966850586730306e-01 3.268173573026750822e-01 9.128709291752769017e-01
1.956122363808901754e-01 3.238926219345235058e-01 9.128709291752769017e-01
1.961291500694939127e-01 3.186695412896669577e-01 9.128709291752769017e-01
1.966474297245954517e-01 3.152837858655657688e-01 9.128709291752769017e-01
1.971670789558196690e-01 3.126990041979477164e-01 9.128709291752769017e-01
1.976881013823299504e-01 3.099418282708020222e-01 9.128709291752769017e-01
1.982105006328533925e-01 3.068102194326314813e-01 9.128709291752769017e-01
1.987342803457063656e-01 3.026577820187289491e-01 9.128709291752769017e-01
1.992594441688195495e-01 2.992540397294712884e-01 9.128709291752769017e-01
1.997859957597633018e-01 2.959094758765700162e-01 9.128709291752769017e-01
2.003139387857734710e-01 2.975335068419248108e-01 9.128709291752769017e-01
2.008432769237765703e-01 2.900230105638434974e-01 9.128709291752769017e-01
2.013740138604157015e-01 2.881770647618498993e-01 9.128709291752769017e-01
2.019061532920759794e-01 2.842449459117923904e-01 9.128709291752769017e-01
2.024396989249103440e-01 2.816080874835481529e-01 9.128709291752769017e-01
2.029746544748654846e-01 2.792879272627133980e-01 9.128709291752769017e-01
2.035110236677076245e-01 2.770712743366978703e-01 9.128709291752769017e-01
2.040488102390484448e-01 2.737411988374343630e-01 9.128709291752769017e-01
2.045880179343711747e-01 2.713470535918575677e-01 9.128709291752769017e-01
2.051286505090566259e-01 2.689572801671034630e-01 9.128709291752769017e-01
2.056707117284092556e-01 2.665367417647580561e-01 9.128709291752769017e-01
2.062142053676838116e-01 2.639740186571768454e-01 9.128709291752769017e-01
2.067591352121109782e-01 2.617723957448146455e-01 9.128709291752769017e-01
2.073055050569242719e-01 2.594681257767925686e-01 9.128709291752769017e-01
2.078533187073861310e-01 2.565531043478291306e-01 9.128709291752769017e-01
2.084025799788146727e-01 2.547646531562121619e-01 9.128709291752769017e-01
2.089532926966101989e-01 2.529759851102179047e-01 9.128709291752769017e-01
2.095054606962816479e-01 2.507283357391064671e-01 9.128709291752769017e-01
2.100590878234735170e-01 2.488012382233491804e-01 9.128709291752769017e-01
2.106141779339925912e-01 2.467455485795255476e-01 9.128709291752769017e-01
2.111707348938348661e-01 2.445055870944357890e-01 9.128709291752769017e-01
2.117287625792122763e-01 2.433237832587107907e-01 9.128709291752769017e-01
2.122882648765798685e-01 2.407577520320772491e-01 9.128709291752769017e-01
2.128492456826627799e-01 2.381143783901442379e-01 9.128709291752769017e-01
2.134117089044833826e-01 2.378203300551031407e-01 9.128709291752769017e-01
2.139756584593887068e-01 2.351445985858996723e-01 9.128709291752769017e-01
2.145410982750773077e-01 2.338884392664418721e-01 9.128709291752769017e-01
2.151080322896270214e-01 2.323805023586913154e-01 9.128709291752769017e-01
2.156764644515219986e-01 2.302027771701782299e-01 9.128709291752769017e-01
2.162463987196807658e-01 2.291216266529049195e-01 9.128709291752769017e-01
2.168178390634832031e-01 2.274907964199611166e-01 9.128709291752769017e-01
2.173907894627984949e-01 2.258820047897029115e-01 9.128709291752769017e-01
2.179652539080128570e-01 2.252258221716984810e-01 9.128709291752769017e-01
2.185412364000571539e-01 2.226168566925406933e-01 9.128709291752769017e-01
2.191187409504350703e-01 2.218027500919842188e-01 9.128709291752769017e-01
2.196977715812507559e-01 2.192959567831040679e-01 9.128709291752769017e-01
2.202783323252368586e-01 2.184038870570633728e-01 9.128709291752769017e-01
2.208604272257828627e-01 2.171320910785319303e-01 9.128709291752769017e-01
2.214440603369628446e-01 2.157402315804246851e-01 9.128709291752769017e-01
2.220292357235642833e-01 2.145887491161715399e-01 9.128709291752769017e-01
2.226159574611157876e-01 2.131106373574280233e-01 9.128709291752769017e-01
2.232042296359157407e-01 2.117333498648278634e-01 9.128709291752769017e-01
2.237940563450607767e-01 2.103538323684151778e-01 9.128709291752769017e-01
2.243854416964743692e-01 2.091596787501756316e-01 9.128709291752769017e-01
2.249783898089352252e-01 2.079442310639158797e-01 9.128709291752769017e-01
2.255729048121061786e-01 2.068075256182418109e-01 9.128709291752769017e-01
2.261689908465628063e-01 2.048284610359805968e-01 9.128709291752769017e-01
2.267666520638223215e-01 2.044973518085995146e-01 9.128709291752769017e-01
2.273658926263727176e-01 2.031020023044208256e-01 9.128709291752769017e-01
2.279667167077012724e-01 2.021535848022313897e-01 9.128709291752769017e-01
2.285691284923239974e-01 2.009141920164074502e-01 9.128709291752769017e-01
2.291731321758145590e-01 1.998015110507560255e-01 9.128709291752769017e-01
2.297787319648339210e-01 1.984193551579035986e-01 9.128709291752769017e-01
2.303859320771589336e-01 1.976478163002928778e-01 9.128709291752769017e-01
2.309947367417123087e-01 1.966852770432881981e-01 9.128709291752769017e-01
2.316051501985918748e-01 1.954887157277652721e-01 9.128709291752769017e-01
2.322171766990999697e-01 1.944665418785911093e-01 9.128709291752769017e-01
2.328308205057733893e-01 1.933865183821137923e-01 9.128709291752769017e-01
2.334460858924126969e-01 1.924343370513637574e-01 9.128709291752769017e-01
2.340629771441121443e-01 1.914075595920898820e-01 9.128709291752769017e-01
2.346814985572897028e-01 1.905036959995821400e-01 9.128709291752769017e-01
2.353016544397165677e-01 1.896501978260111410e-01 9.128709291752769017e-01
2.359234491105476339e-01 1.886311233564605672e-01 9.128709291752769017e-01
2.365468869003512775e-01 1.878076134922094798e-01 9.128709291752769017e-01
2.371719721511394152e-01 1.868147071977261930e-01 9.128709291752769017e-01
2.377987092163981186e-01 1.861640378885958957e-01 9.128709291752769017e-01
2.384271024611177570e-01 1.855150203080503102e-01 9.128709291752769017e-01
2.390571562618231671e-01 1.858025089670408136e-01 9.128709291752769017e-01
2.396888750066045182e-01 1.834312505629188683e-01 9.128709291752769017e-01
2.403222630951476479e-01 1.823683544191439521e-01 9.128709291752769017e-01
2.409573249387646499e-01 1.816719145246161182e-01 9.128709291752769017e-01
2.415940649604249035e-01 1.813214646319712131e-01 9.128709291752769017e-01
2.422324875947854950e-01 1.801182288967057288e-01 9.128709291752769017e-01
2.428725972882223583e-01 1.793642919933111646e-01 9.128709291752769017e-01
2.435143984988610844e-01 1.786839943331207936e-01 9.128709291752769017e-01
2.441578956966082570e-01 1.780590534922990298e-01 9.128709291752769017e-01
2.448030933631821504e-01 1.770894630092141875e-01 9.128709291752769017e-01
2.454499959921442875e-01 1.762700975472081266e-01 9.128709291752769017e-01
2.460986080889305538e-01 1.757960504832516702e-01 9.128709291752769017e-01
2.467489341708827000e-01 1.748578557914181875e-01 9.128709291752769017e-01
2.474009787672797334e-01 1.737666760882992933e-01 9.128709291752769017e-01
2.480547464193695040e-01 1.732329673560486782e-01 9.128709291752769017e-01
2.487102416804002070e-01 1.737515102241778409e-01 9.128709291752769017e-01
2.493674691156523016e-01 1.720811747445467887e-01 9.128709291752769017e-01
2.500264333024700414e-01 1.713781611498083890e-01 9.128709291752769017e-01
2.506871388302936987e-01 1.706577336836100633e-01 9.128709291752769017e-01
2.513495903006912613e-01 1.699970674183594321e-01 9.128709291752769017e-01
2.520137923273905178e-01 1.694290384786898973e-01 9.128709291752769017e-01
2.526797495363111712e-01 1.687728476334260930e-01 9.128709291752769017e-01
2.533474665655973679e-01 1.681379832407826069e-01 9.128709291752769017e-01
2.540169480656495060e-01 1.676325392820398885e-01 9.128709291752769017e-01
2.546881986991568758e-01 1.669640096048045641e-01 9.128709291752769017e-01
2.553612231411302447e-01 1.667306259331891860e-01 9.128709291752769017e-01
2.560360260789341647e-01 1.677203739459328657e-01 9.128709291752769017e-01
2.567126122123199461e-01 1.650851906271373071e-01 9.128709291752769017e-01
2.573909862534580761e-01 1.645181705273961181e-01 9.128709291752769017e-01
2.580711529269710258e-01 1.639736986680820907e-01 9.128709291752769017e-01
2.587531169699664457e-01 1.633190019787519043e-01 9.128709291752769017e-01
2.594368831320699731e-01 1.639759556829882281e-01 9.128709291752769017e-01
2.601224561754583164e-01 1.622171990425672894e-01 9.128709291752769017e-01
2.608098408748923958e-01 1.617771218258751698e-01 9.128709291752769017e-01
2.614990420177507047e-01 1.608607783781406397e-01 9.128709291752769017e-01
2.621900644040625616e-01 1.604562660671080554e-01 9.128709291752769017e-01
2.628829128465416387e-01 1.599296123703304873e-01 9.128709291752769017e-01
2.635775921706192682e-01 1.595384988549554406e-01 9.128709291752769017e-01
2.642741072144783043e-01 1.592661225693176585e-01 9.128709291752769017e-01
2.649724628290866524e-01 1.587463400851784612e-01 9.128709291752769017e-01
2.656726638782310190e-01 1.581957409570315665e-01 9.128709291752769017e-01
2.663747152385511630e-01 1.575370167403232213e-01 9.128709291752769017e-01
2.670786217995733125e-01 1.570647900427347976e-01 9.128709291752769017e-01
2.677843884637444716e-01 1.564120899492649486e-01 9.128709291752769017e-01
2.684920201464667255e-01 1.561215276900643212e-01 9.128709291752769017e-01
2.692015217761313250e-01 1.556670408017647167e-01 9.128709291752769017e-01
2.699128982941527699e-01 1.553792944735821746e-01 9.128709291752769017e-01
2.706261546550036701e-01 1.546616267062395911e-01 9.128709291752769017e-01
2.713412958262490515e-01 1.546737202944814538e-01 9.128709291752769017e-01
2.720583267885807732e-01 1.534573649185481392e-01 9.128709291752769017e-01
2.727772525358525546e-01 1.535131713673847653e-01 9.128709291752769017e-01
2.734980780751144480e-01 1.529639316439166397e-01 9.128709291752769017e-01
2.742208084266480328e-01 1.526066959155963909e-01 9.128709291752769017e-01
2.749454486240009987e-01 1.518907950747484248e-01 9.128709291752769017e-01
2.756720037140225621e-01 1.515636002779326696e-01 9.128709291752769017e-01
2.764004787568982713e-01 1.511346512172117296e-01 9.128709291752769017e-01
2.771308788261855338e-01 1.505196508169666103e-01 9.128709291752769017e-01
2.778632090088490880e-01 1.504523196214004876e-01 9.128709291752769017e-01
2.785974744052956420e-01 1.502311720107529780e-01 9.128709291752769017e-01
2.793336801294106220e-01 1.496444034439520787e-01 9.128709291752769017e-01
2.800718313085923672e-01 1.491289072329145537e-01 9.128709291752769017e-01
2.808119330837890448e-01 1.486958395119460929e-01 9.128709291752769017e-01
2.815539906095343436e-01 1.481663345881243932e-01 9.128709291752769017e-01
2.822980090539820575e-01 1.490667447672059664e-01 9.128709291752769017e-01
2.830439935989439992e-01 1.472333714889563772e-01 9.128709291752769017e-01
2.837919494399244735e-01 1.467581677943924079e-01 9.128709291752769017e-01
2.845418817861575245e-01 1.467968134263639424e-01 9.128709291752769017e-01
2.852937958606427959e-01 1.469932188202264511e-01 9.128709291752769017e-01
2.860476969001816139e-01 1.456560062202534866e-01 9.128709291752769017e-01
2.868035901554142342e-01 1.455788776207770641e-01 9.128709291752769017e-01
2.875614808908554254e-01 1.453109356867240687e-01 9.128709291752769017e-01
2.883213743849319943e-01 1.449831042072107223e-01 9.128709291752769017e-01
2.890832759300195343e-01 1.449484290346610693e-01 9.128709291752769017e-01
2.898471908324780633e-01 1.442900288158635580e-01 9.128709291752769017e-01
2.906131244126907709e-01 1.439777785035475932e-01 9.128709291752769017e-01
2.913810820050998784e-01 1.438691126834583944e-01 9.128709291752769017e-01
2.921510689582437759e-01 1.432146282254508352e-01 9.128709291752769017e-01
2.929230906347951024e-01 1.439945752407558177e-01 9.128709291752769017e-01
2.936971524115971621e-01 1.426502699947052866e-01 9.128709291752769017e-01
2.944732596797021151e-01 1.422504920825939101e-01 9.128709291752769017e-01
2.952514178444081705e-01 1.418776104412506345e-01 9.128709291752769017e-01
2.960316323252969450e-01 1.415217397279999179e-01 9.128709291752769017e-01
2.968139085562720991e-01 1.400398353016513997e-01 9.128709291752769017e-01
2.975982519855959740e-01 1.409230850400056412e-01 9.128709291752769017e-01
2.983846680759285608e-01 1.406362360889807095e-01 9.128709291752769017e-01
2.991731623043653032e-01 1.399362311900185785e-01 9.128709291752769017e-01
2.999637401624745126e-01 1.399920597649619014e-01 9.128709291752769017e-01
3.007564071563370023e-01 1.397782026325369575e-01 9.128709291752769017e-01
3.015511688065829476e-01 1.395234563780330672e-01 9.128709291752769017e-01
3.023480306484312985e-01 1.393153372477662355e-01 9.128709291752769017e-01
3.031469982317283041e-01 1.388705067279235872e-01 9.128709291752769017e-01
3.039480771209853160e-01 1.383861245491877778e-01 9.128709291752769017e-01
3.047512728954188677e-01 1.384402577648492227e-01 9.128709291752769017e-01
3.055565911489880881e-01 1.383085290755578234e-01 9.128709291752769017e-01
3.063640374904349484e-01 1.378605958240920470e-01 9.128709291752769017e-01
3.071736175433226190e-01 1.375891839910287351e-01 9.128709291752769017e-01
3.079853369460744950e-01 1.372298222822121161e-01 9.128709291752769017e-01
3.087992013520139967e-01 1.374043294856196196e-01 9.128709291752769017e-01
3.096152164294038722e-01 1.368539880757690952e-01 9.128709291752769017e-01
3.104333878614849995e-01 1.363679072307332485e-01 9.128709291752769017e-01
3.112537213465169650e-01 1.367219273859706097e-01 9.128709291752769017e-01
3.120762225978168658e-01 1.357063705392560493e-01 9.128709291752769017e-01
3.129008973437996666e-01 1.360034037533912610e-01 9.128709291752769017e-01
3.137277513280180008e-01 1.353255396709645286e-01 9.128709291752769017e-01
3.145567903092018058e-01 1.350572898970177349e-01 9.128709291752769017e-01
3.153880200612991236e-01 1.348707273275732976e-01 9.128709291752769017e-01
3.162214463735152914e-01 1.351480005529078210e-01 9.128709291752769017e-01
3.170570750503545199e-01 1.344770344266696394e-01 9.128709291752769017e-01
3.178949119116594169e-01 1.341503437981809710e-01 9.128709291752769017e-01
3.187349627926513995e-01 1.338368851078463317e-01 9.128709291752769017e-01
3.195772335439724943e-01 1.337742258816622953e-01 9.128709291752769017e-01
3.204217300317244166e-01 1.336037851861009429e-01 9.128709291752769017e-01
3.212684581375109816e-01 1.332824307646454653e-01 9.128709291752769017e-01
3.221174237584782940e-01 1.329635150419574974e-01 9.128709291752769017e-01
3.229686328073554380e-01 1.327383549099365179e-01 9.128709291752769017e-01
3.238220912124967210e-01 1.325517684864149504e-01 9.128709291752769017e-01
3.246778049179219749e-01 1.320173843915309619e-01 9.128709291752769017e-01
3.255357798833584670e-01 1.322376932526264093e-01 9.128709291752769017e-01
3.263960220842827553e-01 1.322343500877828648e-01 9.128709291752769017e-01
3.272585375119608231e-01 1.314545140871008766e-01 9.128709291752769017e-01
3.281233321734919328e-01 1.314096884436257717e-01 9.128709291752769017e-01
3.289904120918488162e-01 1.312277093977692044e-01 9.128709291752769017e-01
3.298597833059200291e-01 1.311758277599323896e-01 9.128709291752769017e-01
3.307314518705525841e-01 1.306109820596322579e-01 9.128709291752769017e-01
3.316054238565931955e-01 1.302806229430399365e-01 9.128709291752769017e-01
3.324817053509314668e-01 1.306553162609769003e-01 9.128709291752769017e-01
3.333603024565418016e-01 1.298505582771824207e-01 9.128709291752769017e-01
3.342412212925255921e-01 1.298110138170150696e-01 9.128709291752769017e-01
3.351244679941548510e-01 1.297210148779557592e-01 9.128709291752769017e-01
3.360100487129135671e-01 1.294060795739838399e-01 9.128709291752769017e-01
3.368979696165419480e-01 1.293619367580502444e-01 9.128709291752769017e-01
3.377882368890785525e-01 1.293722785324555591e-01 9.128709291752769017e-01
3.386808567309031459e-01 1.284703824938993322e-01 9.128709291752769017e-01
3.395758353587808309e-01 1.287946195201375987e-01 9.128709291752769017e-01
3.404731790059041252e-01 1.291565004479360013e-01 9.128709291752769017e-01
3.413728939219375369e-01 1.285164886074518231e-01 9.128709291752769017e-01
3.422749863730607522e-01 1.281888079370915035e-01 9.128709291752769017e-01
3.431794626420113237e-01 1.279074828150693899e-01 9.128709291752769017e-01
3.440863290281300779e-01 1.277253100466434477e-01 9.128709291752769017e-01
3.449955918474032490e-01 1.276260289372364298e-01 9.128709291752769017e-01
3.459072574325080529e-01 1.274205352295716687e-01 9.128709291752769017e-01
3.468213321328559307e-01 1.286375928709987126e-01 9.128709291752769017e-01
3.477378223146365688e-01 1.269917348721586736e-01 9.128709291752769017e-01
3.486567343608629743e-01 1.267958860975539059e-01 9.128709291752769017e-01
3.495780746714151621e-01 1.266740997587814110e-01 9.128709291752769017e-01
3.505018496630854519e-01 1.264527507634466419e-01 9.128709291752769017e-01
3.514280657696228771e-01 1.260546022978885072e-01 9.128709291752769017e-01
3.523567294417773166e-01 1.262205799317488997e-01 9.128709291752769017e-01
3.532878471473457349e-01 1.261030942971822499e-01 9.128709291752769017e-01
3.542214253712162586e-01 1.258319996184257550e-01 9.128709291752769017e-01
3.551574706154132510e-01 1.257770445488285149e-01 9.128709291752769017e-01
3.560959893991437752e-01 1.255485461981058759e-01 9.128709291752769017e-01
3.570369882588411148e-01 1.253908224863783394e-01 9.128709291752769017e-01
3.579804737482123467e-01 1.250305228028315563e-01 9.128709291752769017e-01
3.589264524382825838e-01 1.249400177812646645e-01 9.128709291752769017e-01
3.598749309174408828e-01 1.247049588617746424e-01 9.128709291752769017e-01
3.608259157914869841e-01 1.247260497334783946e-01 9.128709291752769017e-01
3.617794136836761099e-01 1.245807526870923582e-01 9.128709291752769017e-01
3.627354312347660370e-01 1.243905851900299481e-01 9.128709291752769017e-01
3.636939751030634493e-01 1.241362858634499078e-01 9.128709291752769017e-01
3.646550519644689015e-01 1.242019156034384758e-01 9.128709291752769017e-01
3.656186685125253355e-01 1.238550658553407291e-01 9.128709291752769017e-01
3.665848314584627121e-01 1.237256308474362493e-01 9.128709291752769017e-01
3.675535475312464717e-01 1.236650745618708414e-01 9.128709291752769017e-01
3.685248234776234422e-01 1.235406783515942269e-01 9.128709291752769017e-01
3.694986660621686347e-01 1.233991191281249983e-01 9.128709291752769017e-01
3.704750820673333722e-01 1.233242149525682063e-01 9.128709291752769017e-01
3.714540782934910856e-01 1.229658937415777503e-01 9.128709291752769017e-01
3.724356615589862196e-01 1.228269443958942830e-01 9.128709291752769017e-01
3.734198387001808617e-01 1.228013114605544381e-01 9.128709291752769017e-01
3.744066165715019823e-01 1.225882228298387083e-01 9.128709291752769017e-01
3.753960020454901181e-01 1.225601976796465431e-01 9.128709291752769017e-01
3.763880020128469450e-01 1.224616252872866157e-01 9.128709291752769017e-01
3.773826233824824072e-01 1.222265957478250870e-01 9.128709291752769017e-01
3.783798730815644551e-01 1.223994314793641208e-01 9.128709291752769017e-01
3.793797580555653415e-01 1.218635040865001379e-01 9.128709291752769017e-01
3.803822852683119704e-01 1.217729746984981126e-01 9.128709291752769017e-01
3.813874617020331925e-01 1.216654841530167841e-01 9.128709291752769017e-01
3.823952943574080998e-01 1.215721499005798512e-01 9.128709291752769017e-01
3.834057902536162077e-01 1.215004970891979258e-01 9.128709291752769017e-01
