2.738612787525830303e-02 2.940472634042496924e-01 1.825741858350553670e+01
2.745849688774178524e-02 2.957369358963438111e-01 1.825741858350553670e+01
2.753105713843142024e-02 2.925056414119076020e-01 1.825741858350553670e+01
2.760380913268230263e-02 2.915813014245043910e-01 1.825741858350553670e+01
2.767675337718500730e-02 2.903746347990173726e-01 1.825741858350553670e+01
2.774989037996901386e-02 2.891575439602504516e-01 1.825741858350553670e+01
2.782322065040631828e-02 2.862873897518209976e-01 1.825741858350553670e+01
2.789674469921496480e-02 2.845347926415579543e-01 1.825741858350553670e+01
2.797046303846255355e-02 2.835516697101984063e-01 1.825741858350553670e+01
2.804437618156989040e-02 2.817918019001687813e-01 1.825741858350553670e+01
2.811848464331445988e-02 2.791395474246708974e-01 1.825741858350553670e+01
2.819278893983413053e-02 2.769224926899748751e-01 1.825741858350553670e+01
2.826728958863066257e-02 2.819269127433963740e-01 1.825741858350553670e+01
2.834198710857330564e-02 2.732953513993008898e-01 1.825741858350553670e+01
2.841688201990248686e-02 2.729007055960329664e-01 1.825741858350553670e+01
2.849197484423339477e-02 2.706730323420676321e-01 1.825741858350553670e+01
2.856726610455954593e-02 2.693995768283587999e-01 1.825741858350553670e+01
2.864275632525657700e-02 2.961252973134303468e-01 1.825741858350553670e+01
2.871844603208573155e-02 2.670268033586595258e-01 1.825741858350553670e+01
2.879433575219763480e-02 2.657610153341433690e-01 1.825741858350553670e+01
2.887042601413596088e-02 2.651679922366487197e-01 1.825741858350553670e+01
2.894671734784101322e-02 2.658509187925527373e-01 1.825741858350553670e+01
2.902321028465355141e-02 2.628850281398882327e-01 1.825741858350553670e+01
2.909990535731837163e-02 2.628511227665310535e-01 1.825741858350553670e+01
2.917680309998810576e-02 2.626185671052452819e-01 1.825741858350553670e+01
2.925390404822691276e-02 2.623804943447526350e-01 1.825741858350553670e+01
2.933120873901415640e-02 2.626699165655664303e-01 1.825741858350553670e+01
2.940871771074825627e-02 2.619171714780668681e-01 1.825741858350553670e+01
2.948643150325030646e-02 2.618427035341968079e-01 1.825741858350553670e+01
2.956435065776794741e-02 2.633031006056722467e-01 1.825741858350553670e+01
2.964247571697909561e-02 2.627705645650506572e-01 1.825741858350553670e+01
2.972080722499565938e-02 2.632911032306397559e-01 1.825741858350553670e+01
2.979934572736745932e-02 2.652113322985168442e-01 1.825741858350553670e+01
2.987809177108588857e-02 2.638004579211170597e-01 1.825741858350553670e+01
2.995704590458782984e-02 2.663632854940787831e-01 1.825741858350553670e+01
3.003620867775944406e-02 2.757578406432759643e-01 1.825741858350553670e+01
3.011558064193993467e-02 2.974533704535918810e-01 1.825741858350553670e+01
3.019516234992550979e-02 2.703158432543669720e-01 1.825741858350553670e+01
3.027495435597309797e-02 2.708043587598523150e-01 1.825741858350553670e+01
3.035495721580432418e-02 2.738143786266182267e-01 1.825741858350553670e+01
3.043517148660933661e-02 2.757410498061713122e-01 1.825741858350553670e+01
3.051559772705062651e-02 2.764302851356126856e-01 1.825741858350553670e+01
3.059623649726702851e-02 2.783429376763794094e-01 1.825741858350553670e+01
3.067708835887756474e-02 2.796720458520822739e-01 1.825741858350553670e+01
3.075815387498530978e-02 2.815681765177380780e-01 1.825741858350553670e+01
3.083943361018143606e-02 2.832927384472452292e-01 1.825741858350553670e+01
3.092092813054899553e-02 2.847516087038797772e-01 1.825741858350553670e+01
3.100263800366699282e-02 2.875148878694792631e-01 1.825741858350553670e+01
3.108456379861428837e-02 2.895886378983371645e-01 1.825741858350553670e+01
3.116670608597350151e-02 2.901758322870598983e-01 1.825741858350553670e+01
3.124906543783510793e-02 2.869114602919626833e-01 1.825741858350553670e+01
3.133164242780130115e-02 2.950741668624664027e-01 1.825741858350553670e+01
3.141443763099006914e-02 2.954471628143465201e-01 1.825741858350553670e+01
3.149745162403919801e-02 2.930312443612012041e-01 1.825741858350553670e+01
3.158068498511019950e-02 2.973600605917047224e-01 1.825741858350553670e+01
3.166413829389248119e-02 2.998798880017900514e-01 1.825741858350553670e+01
3.174781213160721843e-02 2.993553240020634942e-01 1.825741858350553670e+01
3.183170708101156626e-02 3.007199365035763683e-01 1.825741858350553670e+01
3.191582372640260068e-02 3.009687446794726551e-01 1.825741858350553670e+01
3.200016265362142648e-02 3.013450048324548547e-01 1.825741858350553670e+01
3.208472445005728507e-02 3.026942606340503605e-01 1.825741858350553670e+01
3.216950970465156517e-02 3.022203839883637611e-01 1.825741858350553670e+01
3.225451900790202164e-02 3.025608255204360608e-01 1.825741858350553670e+01
3.233975295186680005e-02 3.026205888938868771e-01 1.825741858350553670e+01
3.242521213016855836e-02 3.026732608540235181e-01 1.825741858350553670e+01
3.251089713799866499e-02 3.017940117319210525e-01 1.825741858350553670e+01
3.259680857212131355e-02 3.009679883376653042e-01 1.825741858350553670e+01
3.268294703087760988e-02 3.004418450911869876e-01 1.825741858350553670e+01
3.276931311418988108e-02 2.999123705668076401e-01 1.825741858350553670e+01
3.285590742356571392e-02 2.932143359891731249e-01 1.825741858350553670e+01
3.294273056210222234e-02 2.973474427057056224e-01 1.825741858350553670e+01
3.302978313449028008e-02 2.964669409492120544e-01 1.825741858350553670e+01
3.311706574701858002e-02 2.956102767392156383e-01 1.825741858350553670e+01
3.320457900757806807e-02 2.942414316453099143e-01 1.825741858350553670e+01
3.329232352566596775e-02 2.919230850363231378e-01 1.825741858350553670e+01
3.338029991239020722e-02 2.903924286414439337e-01 1.825741858350553670e+01
3.346850878047356870e-02 2.898998025288314628e-01 1.825741858350553670e+01
3.355695074425794205e-02 2.881032101365560427e-01 1.825741858350553670e+01
3.364562641970869628e-02 2.856716169252286330e-01 1.825741858350553670e+01
3.373453642441887057e-02 2.841285819103434029e-01 1.825741858350553670e+01
3.382368137761354587e-02 2.823768677731098853e-01 1.825741858350553670e+01
3.391306190015415389e-02 2.876279395222544610e-01 1.825741858350553670e+01
3.400267861454270985e-02 2.791767480022913639e-01 1.825741858350553670e+01
3.409253214492629497e-02 2.780001054645716008e-01 1.825741858350553670e+01
3.418262311710125456e-02 2.757655409522405954e-01 1.825741858350553670e+01
3.427295215851768051e-02 2.746644355613730992e-01 1.825741858350553670e+01
3.436351989828372727e-02 2.735459782490848868e-01 1.825741858350553670e+01
3.445432696716994869e-02 2.720762188218012190e-01 1.825741858350553670e+01
3.454537399761377359e-02 2.707753213350176380e-01 1.825741858350553670e+01
3.463666162372389806e-02 2.701951788325510084e-01 1.825741858350553670e+01
3.472819048128459457e-02 2.687740440411902632e-01 1.825741858350553670e+01
3.481996120776031239e-02 2.669538060072065844e-01 1.825741858350553670e+01
3.491197444229995200e-02 2.698949614910722827e-01 1.825741858350553670e+01
3.500423082574146555e-02 2.660514334527976366e-01 1.825741858350553670e+01
3.509673100061620060e-02 2.641278489303638954e-01 1.825741858350553670e+01
3.518947561115341044e-02 2.641324481539077396e-01 1.825741858350553670e+01
3.528246530328481290e-02 2.613517180219190328e-01 1.825741858350553670e+01
3.537570072464894105e-02 2.629787479969846742e-01 1.825741858350553670e+01
3.546918252459580617e-02 2.622619203142083633e-01 1.825741858350553670e+01
3.556291135419135940e-02 2.967404001752383946e-01 1.825741858350553670e+01
3.565688786622194656e-02 2.619049155881684188e-01 1.825741858350553670e+01
3.575111271519902656e-02 2.614490323758710266e-01 1.825741858350553670e+01
3.584558655736355681e-02 2.615840343338959317e-01 1.825741858350553670e+01
3.594031005069067697e-02 2.600030553169465075e-01 1.825741858350553670e+01
3.603528385489426777e-02 2.619281901252843991e-01 1.825741858350553670e+01
3.613050863143147523e-02 2.620360450183109591e-01 1.825741858350553670e+01
3.622598504350743598e-02 2.629668882577276268e-01 1.825741858350553670e+01
3.632171375607979452e-02 2.688715856488952949e-01 1.825741858350553670e+01
3.641769543586337310e-02 2.634489447618421631e-01 1.825741858350553670e+01
3.651393075133486932e-02 2.638940495100896566e-01 1.825741858350553670e+01
3.661042037273738031e-02 2.643162099548352351e-01 1.825741858350553670e+01
3.670716497208521834e-02 2.656093054473337989e-01 1.825741858350553670e+01
3.680416522316848349e-02 2.664395862245251823e-01 1.825741858350553670e+01
3.690142180155779605e-02 2.675055650105196414e-01 1.825741858350553670e+01
3.699893538460902881e-02 2.685751808711196453e-01 1.825741858350553670e+01
3.709670665146795610e-02 2.694370473385570008e-01 1.825741858350553670e+01
3.719473628307504859e-02 2.706101518700524400e-01 1.825741858350553670e+01
3.729302496217020563e-02 2.717486155809958337e-01 1.825741858350553670e+01
3.739157337329745284e-02 2.736348870761758367e-01 1.825741858350553670e+01
3.749038220280980632e-02 2.755724589744469877e-01 1.825741858350553670e+01
3.758945213887392861e-02 2.760098246905087205e-01 1.825741858350553670e+01
3.768878387147506226e-02 2.776591162680289160e-01 1.825741858350553670e+01
3.778837809242174828e-02 2.791097182734676996e-01 1.825741858350553670e+01
3.788823549535061397e-02 2.805917416256113461e-01 1.825741858350553670e+01
3.798835677573131342e-02 2.812906852143092218e-01 1.825741858350553670e+01
3.808874263087128759e-02 2.835736306732978829e-01 1.825741858350553670e+01
3.818939375992060070e-02 2.849392348468929859e-01 1.825741858350553670e+01
3.829031086387694321e-02 2.862425535817156308e-01 1.825741858350553670e+01
3.839149464559030861e-02 2.877445509072264485e-01 1.825741858350553670e+01
3.849294580976810043e-02 2.894431232097795514e-01 1.825741858350553670e+01
3.859466506297987154e-02 2.906327041354045959e-01 1.825741858350553670e+01
3.869665311366234789e-02 2.926621548439212184e-01 1.825741858350553670e+01
3.879891067212435513e-02 2.934843653657294715e-01 1.825741858350553670e+01
3.890143845055167582e-02 2.945865759822877683e-01 1.825741858350553670e+01
3.900423716301210791e-02 2.960198036760949281e-01 1.825741858350553670e+01
3.910730752546044686e-02 2.972316634888234610e-01 1.825741858350553670e+01
3.921065025574334284e-02 2.979221247452837340e-01 1.825741858350553670e+01
3.931426607360445635e-02 2.988079615187997362e-01 1.825741858350553670e+01
3.941815570068935015e-02 2.999412550404743083e-01 1.825741858350553670e+01
3.952231986055059626e-02 3.003686511447607455e-01 1.825741858350553670e+01
3.962675927865282749e-02 3.012053968007312732e-01 1.825741858350553670e+01
3.973147468237762936e-02 3.022065576648672591e-01 1.825741858350553670e+01
3.983646680102886223e-02 2.996258356920075139e-01 1.825741858350553670e+01
3.994173636583747689e-02 3.028242899063424143e-01 1.825741858350553670e+01
4.004728410996682975e-02 3.024142708034198712e-01 1.825741858350553670e+01
4.015311076851766497e-02 3.035889070053437444e-01 1.825741858350553670e+01
4.025921707853320763e-02 3.033087973924693537e-01 1.825741858350553670e+01
4.036560377900445112e-02 3.039911439998811415e-01 1.825741858350553670e+01
4.047227161087511155e-02 3.019135897703507654e-01 1.825741858350553670e+01
4.057922131704691515e-02 3.028839299073964320e-01 1.825741858350553670e+01
4.068645364238477474e-02 3.023646651909433491e-01 1.825741858350553670e+01
4.079396933372187589e-02 3.027950872953141803e-01 1.825741858350553670e+01
4.090176913986499213e-02 3.013301135527922670e-01 1.825741858350553670e+01
4.100985381159960586e-02 3.010289471447508691e-01 1.825741858350553670e+01
4.111822410169523739e-02 3.001350856657815647e-01 1.825741858350553670e+01
4.122688076491060061e-02 2.992138710508941979e-01 1.825741858350553670e+01
4.133582455799886951e-02 2.994429591760013887e-01 1.825741858350553670e+01
4.144505623971301428e-02 2.969165514278135354e-01 1.825741858350553670e+01
4.155457657081103318e-02 2.972613136494489661e-01 1.825741858350553670e+01
4.166438631406122611e-02 2.956999758844748860e-01 1.825741858350553670e+01
4.177448623424759311e-02 2.832434576714865648e-01 1.825741858350553670e+01
4.188487709817504540e-02 2.929899540449092399e-01 1.825741858350553670e+01
4.199555967467488715e-02 2.916696196968935340e-01 1.825741858350553670e+01
4.210653473460999885e-02 2.905299752683596637e-01 1.825741858350553670e+01
4.221780305088038143e-02 2.902691470500341486e-01 1.825741858350553670e+01
4.232936539842843682e-02 2.886973990226877618e-01 1.825741858350553670e+01
4.244122255424433166e-02 2.867853048028191632e-01 1.825741858350553670e+01
4.255337529737153457e-02 2.851576689991409119e-01 1.825741858350553670e+01
4.266582440891215217e-02 2.839326506029929420e-01 1.825741858350553670e+01
4.277857067203233443e-02 2.825800486051033289e-01 1.825741858350553670e+01
4.289161487196785361e-02 2.811489440576595000e-01 1.825741858350553670e+01
4.300495779602944713e-02 2.795892419404712448e-01 1.825741858350553670e+01
4.311860023360836874e-02 2.787775600250729235e-01 1.825741858350553670e+01
4.323254297618192576e-02 2.773684058863308266e-01 1.825741858350553670e+01
4.334678681731884281e-02 2.761751668933581927e-01 1.825741858350553670e+01
4.346133255268495865e-02 2.752534272717124253e-01 1.825741858350553670e+01
4.357618098004864549e-02 2.736394375630559206e-01 1.825741858350553670e+01
4.369133289928644331e-02 2.719666280161588956e-01 1.825741858350553670e+01
4.380678911238861800e-02 2.712383664892497603e-01 1.825741858350553670e+01
4.392255042346464994e-02 2.704044322587075277e-01 1.825741858350553670e+01
4.403861763874900026e-02 2.691952894100899107e-01 1.825741858350553670e+01
4.415499156660661340e-02 2.682456218255729330e-01 1.825741858350553670e+01
4.427167301753852369e-02 2.674111029585563570e-01 1.825741858350553670e+01
4.438866280418762855e-02 2.666964757332535019e-01 1.825741858350553670e+01
4.450596174134418409e-02 2.656780929451793560e-01 1.825741858350553670e+01
4.462357064595166845e-02 2.650339929567908093e-01 1.825741858350553670e+01
4.474149033711224271e-02 2.730207974056413911e-01 1.825741858350553670e+01
4.485972163609268371e-02 2.649312480081014165e-01 1.825741858350553670e+01
4.497826536632998362e-02 2.671721747493988053e-01 1.825741858350553670e+01
4.509712235343702608e-02 2.630990672135699593e-01 1.825741858350553670e+01
4.521629342520850497e-02 2.625515447547178693e-01 1.825741858350553670e+01
4.533577941162655889e-02 2.619296246570856912e-01 1.825741858350553670e+01
4.545558114486657891e-02 2.614268622492121330e-01 1.825741858350553670e+01
4.557569945930304428e-02 2.610824986272209935e-01 1.825741858350553670e+01
4.569613519151524694e-02 2.609915886091275783e-01 1.825741858350553670e+01
4.581688918029325208e-02 2.609762713146657753e-01 1.825741858350553670e+01
4.593796226664362964e-02 2.607509625834048550e-01 1.825741858350553670e+01
4.605935529379531768e-02 2.615939763625660941e-01 1.825741858350553670e+01
4.618106910720556901e-02 2.608123666351992997e-01 1.825741858350553670e+01
4.630310455456574520e-02 2.608787235140873628e-01 1.825741858350553670e+01
4.642546248580730478e-02 2.614274948525266429e-01 1.825741858350553670e+01
4.654814375310770830e-02 2.613537823669254134e-01 1.825741858350553670e+01
4.667114921089625390e-02 2.616576471209512422e-01 1.825741858350553670e+01
4.679447971586016969e-02 2.619487895334918215e-01 1.825741858350553670e+01
4.691813612695051872e-02 2.624704809446608555e-01 1.825741858350553670e+01
4.704211930538812481e-02 2.627398688146781458e-01 1.825741858350553670e+01
4.716643011466969265e-02 2.633568454473680931e-01 1.825741858350553670e+01
4.729106942057367813e-02 2.639811784024649333e-01 1.825741858350553670e+01
4.741603809116648471e-02 2.646378629167960850e-01 1.825741858350553670e+01
4.754133699680830605e-02 2.654211914305956155e-01 1.825741858350553670e+01
4.766696701015941257e-02 2.659983308509598632e-01 1.825741858350553670e+01
4.779292900618606343e-02 2.663490215129238892e-01 1.825741858350553670e+01
4.791922386216662666e-02 2.676441978651024067e-01 1.825741858350553670e+01
4.804585245769776164e-02 2.684575344038618305e-01 1.825741858350553670e+01
4.817281567470051845e-02 2.693527673141787870e-01 1.825741858350553670e+01
4.830011439742636081e-02 2.707470214955802201e-01 1.825741858350553670e+01
4.842774951246354986e-02 2.713313146242823382e-01 1.825741858350553670e+01
4.855572190874308386e-02 2.722925581775193504e-01 1.825741858350553670e+01
4.868403247754508195e-02 2.734076192124045845e-01 1.825741858350553670e+01
4.881268211250488348e-02 2.744408277449219558e-01 1.825741858350553670e+01
4.894167170961925828e-02 2.755810812988969127e-01 1.825741858350553670e+01
4.907100216725275577e-02 2.776969691194802192e-01 1.825741858350553670e+01
4.920067438614381811e-02 2.776834829194266829e-01 1.825741858350553670e+01
4.933068926941117788e-02 2.792184066072791460e-01 1.825741858350553670e+01
4.946104772256011695e-02 2.802185144144628826e-01 1.825741858350553670e+01
4.959175065348866290e-02 2.813174327699962673e-01 1.825741858350553670e+01
4.972279897249408387e-02 2.828344129239562244e-01 1.825741858350553670e+01
4.985419359227916125e-02 2.836233031667481641e-01 1.825741858350553670e+01
4.998593542795842781e-02 2.851978453165276428e-01 1.825741858350553670e+01
5.011802539706478044e-02 2.862706085830215019e-01 1.825741858350553670e+01
5.025046441955560023e-02 2.873264332613708616e-01 1.825741858350553670e+01
5.038325341781941386e-02 2.885988383648180888e-01 1.825741858350553670e+01
5.051639331668211774e-02 2.896699506159019499e-01 1.825741858350553670e+01
5.064988504341352837e-02 2.908723948923278568e-01 1.825741858350553670e+01
5.078372952773387017e-02 2.917274824942497902e-01 1.825741858350553670e+01
5.091792770182004824e-02 2.929137402894475550e-01 1.825741858350553670e+01
5.105248050031243462e-02 2.944302965578348696e-01 1.825741858350553670e+01
5.118738886032116880e-02 2.954034260649144317e-01 1.825741858350553670e+01
5.132265372143270804e-02 2.959917104020997058e-01 1.825741858350553670e+01
5.145827602571645398e-02 2.958034582952803748e-01 1.825741858350553670e+01
5.159425671773129607e-02 2.979289452676799899e-01 1.825741858350553670e+01
5.173059674453207857e-02 2.990492677732293769e-01 1.825741858350553670e+01
5.186729705567630355e-02 2.996611767618543309e-01 1.825741858350553670e+01
5.200435860323074366e-02 3.003374553663495372e-01 1.825741858350553670e+01
5.214178234177808263e-02 3.016368988673331919e-01 1.825741858350553670e+01
5.227956922842343784e-02 3.017490035355834266e-01 1.825741858350553670e+01
5.241772022280118820e-02 3.023412937477935603e-01 1.825741858350553670e+01
5.255623628708157996e-02 3.028025189961954800e-01 1.825741858350553670e+01
5.269511838597738806e-02 3.033906712859715249e-01 1.825741858350553670e+01
5.283436748675073014e-02 3.036702159605438878e-01 1.825741858350553670e+01
5.297398455921977639e-02 3.041524471796341889e-01 1.825741858350553670e+01
5.311397057576539016e-02 3.042959215861122946e-01 1.825741858350553670e+01
5.325432651133809453e-02 3.047423458421478770e-01 1.825741858350553670e+01
5.339505334346468512e-02 3.047174230161688313e-01 1.825741858350553670e+01
5.353615205225518286e-02 3.045746903739434130e-01 1.825741858350553670e+01
5.367762362040949531e-02 3.070223394213504320e-01 1.825741858350553670e+01
5.381946903322445269e-02 3.055976358493692202e-01 1.825741858350553670e+01
5.396168927860055947e-02 3.045560671343379711e-01 1.825741858350553670e+01
5.410428534704881526e-02 3.051524515006002192e-01 1.825741858350553670e+01
5.424725823169776473e-02 3.042262249818912800e-01 1.825741858350553670e+01
5.439060892830033245e-02 3.040200448718460846e-01 1.825741858350553670e+01
5.453433843524069236e-02 3.035229410123237437e-01 1.825741858350553670e+01
5.467844775354136627e-02 3.031343619916214704e-01 1.825741858350553670e+01
5.482293788687012809e-02 3.030625794371387682e-01 1.825741858350553670e+01
5.496780984154689409e-02 3.022150756427421925e-01 1.825741858350553670e+01
5.511306462655091165e-02 3.031753427748035690e-01 1.825741858350553670e+01
5.525870325352764956e-02 3.012963447204898837e-01 1.825741858350553670e+01
5.540472673679594506e-02 3.003197256430699125e-01 1.825741858350553670e+01
5.555113609335496361e-02 2.994326601314581948e-01 1.825741858350553670e+01
5.569793234289134587e-02 2.988767823302141968e-01 1.825741858350553670e+01
5.584511650778635483e-02 2.980800382317328467e-01 1.825741858350553670e+01
5.599268961312283549e-02 2.975702062467631137e-01 1.825741858350553670e+01
5.614065268669254927e-02 2.965453121268031289e-01 1.825741858350553670e+01
5.628900675900318923e-02 2.960274437743630194e-01 1.825741858350553670e+01
5.643775286328563123e-02 2.945540481805095090e-01 1.825741858350553670e+01
5.658689203550112262e-02 2.938152442327502389e-01 1.825741858350553670e+01
5.673642531434842234e-02 2.927060335829142490e-01 1.825741858350553670e+01
5.688635374127117700e-02 2.910657668302030210e-01 1.825741858350553670e+01
5.703667836046504014e-02 2.910366117092176297e-01 1.825741858350553670e+01
5.718740021888497893e-02 2.896454717360602560e-01 1.825741858350553670e+01
5.733852036625265713e-02 2.886278447896038490e-01 1.825741858350553670e+01
5.749003985506359604e-02 2.876028073107408378e-01 1.825741858350553670e+01
5.764195974059462685e-02 2.865597533052183232e-01 1.825741858350553670e+01
5.779428108091119037e-02 2.855534167818175040e-01 1.825741858350553670e+01
5.794700493687467147e-02 2.845264811443595221e-01 1.825741858350553670e+01
5.810013237214989995e-02 2.834541099833915445e-01 1.825741858350553670e+01
5.825366445321241565e-02 2.823957111314583379e-01 1.825741858350553670e+01
5.840760224935601097e-02 2.813124594177138227e-01 1.825741858350553670e+01
5.856194683270008611e-02 2.807976426226521105e-01 1.825741858350553670e+01
5.871669927819719859e-02 2.793871267731073971e-01 1.825741858350553670e+01
5.887186066364052950e-02 2.783638833261188883e-01 1.825741858350553670e+01
5.902743206967133588e-02 2.774384563253018410e-01 1.825741858350553670e+01
5.918341457978652104e-02 2.767886905443249224e-01 1.825741858350553670e+01
5.933980928034621877e-02 2.753974896105893522e-01 1.825741858350553670e+01
5.949661726058123185e-02 2.746141639378282262e-01 1.825741858350553670e+01
5.965383961260079665e-02 2.737799820923318972e-01 1.825741858350553670e+01
5.981147743140002165e-02 2.731513670502173641e-01 1.825741858350553670e+01
5.996953181486762430e-02 2.715364850865660262e-01 1.825741858350553670e+01
6.012800386379355683e-02 2.710002468762024441e-01 1.825741858350553670e+01
6.028689468187657663e-02 2.701760522303284229e-01 1.825741858350553670e+01
6.044620537573210800e-02 2.693116629666468254e-01 1.825741858350553670e+01
6.060593705489979166e-02 2.686193478844358662e-01 1.825741858350553670e+01
6.076609083185129101e-02 2.678157353092023296e-01 1.825741858350553670e+01
6.092666782199807063e-02 2.681947394869399481e-01 1.825741858350553670e+01
6.108766914369900131e-02 2.663980614542763026e-01 1.825741858350553670e+01
6.124909591826839528e-02 2.655856713634531796e-01 1.825741858350553670e+01
6.141094926998359738e-02 2.653194282915997126e-01 1.825741858350553670e+01
6.157323032609293700e-02 2.645790879011267749e-01 1.825741858350553670e+01
6.173594021682354827e-02 2.639798084412271484e-01 1.825741858350553670e+01
6.189908007538923868e-02 2.632728870266579091e-01 1.825741858350553670e+01
6.206265103799835786e-02 2.629376407617776690e-01 1.825741858350553670e+01
6.222665424386176342e-02 2.625781363234751531e-01 1.825741858350553670e+01
6.239109083520069654e-02 2.619457985610926798e-01 1.825741858350553670e+01
6.255596195725481035e-02 2.588470054951417243e-01 1.825741858350553670e+01
6.272126875829006631e-02 2.620483793135210959e-01 1.825741858350553670e+01
6.288701238960676954e-02 2.610173652686315071e-01 1.825741858350553670e+01
6.305319400554762477e-02 2.607135593122142936e-01 1.825741858350553670e+01
6.321981476350566065e-02 2.603150003675215318e-01 1.825741858350553670e+01
6.338687582393244535e-02 2.602498968793796053e-01 1.825741858350553670e+01
6.355437835034603855e-02 2.600440920612909768e-01 1.825741858350553670e+01
6.372232350933916545e-02 2.598287262123404329e-01 1.825741858350553670e+01
6.389071247058736303e-02 2.596040374263883788e-01 1.825741858350553670e+01
6.405954640685697365e-02 2.592096196407518982e-01 1.825741858350553670e+01
6.422882649401354116e-02 2.597284469829783671e-01 1.825741858350553670e+01
6.439855391102983218e-02 2.596200813735557444e-01 1.825741858350553670e+01
6.456872983999407956e-02 2.597959064477773916e-01 1.825741858350553670e+01
6.473935546611830905e-02 2.596415313522263402e-01 1.825741858350553670e+01
6.491043197774640228e-02 2.596600937965098943e-01 1.825741858350553670e+01
6.508196056636263160e-02 2.603670144399705122e-01 1.825741858350553670e+01
6.525394242659970923e-02 2.599895877030792279e-01 1.825741858350553670e+01
6.542637875624722488e-02 2.601520934552041253e-01 1.825741858350553670e+01
6.559927075626005577e-02 2.603644164385653936e-01 1.825741858350553670e+01
6.577261963076658224e-02 2.606573398220112803e-01 1.825741858350553670e+01
6.594642658707715321e-02 2.609006882840448904e-01 1.825741858350553670e+01
6.612069283569252387e-02 2.611493838727734773e-01 1.825741858350553670e+01
6.629541959031219622e-02 2.616572301948797419e-01 1.825741858350553670e+01
6.647060806784296783e-02 2.618540103955389053e-01 1.825741858350553670e+01
6.664625948840735559e-02 2.622775654778547461e-01 1.825741858350553670e+01
6.682237507535206122e-02 2.634504830013053578e-01 1.825741858350553670e+01
6.699895605525664488e-02 2.632043489740463205e-01 1.825741858350553670e+01
6.717600365794179629e-02 2.638712569179034184e-01 1.825741858350553670e+01
6.735351911647817491e-02 2.642068079405445191e-01 1.825741858350553670e+01
6.753150366719487541e-02 2.647702215411447124e-01 1.825741858350553670e+01
6.770995854968794858e-02 2.655459749356408050e-01 1.825741858350553670e+01
6.788888500682929705e-02 2.659059745357769677e-01 1.825741858350553670e+01
6.806828428477496029e-02 2.664105295184023836e-01 1.825741858350553670e+01
6.824815763297417681e-02 2.671439068510193526e-01 1.825741858350553670e+01
6.842850630417783575e-02 2.677874968552094170e-01 1.825741858350553670e+01
6.860933155444723375e-02 2.684824466030372725e-01 1.825741858350553670e+01
6.879063464316295673e-02 2.691358710758980921e-01 1.825741858350553670e+01
6.897241683303347026e-02 2.698097055334620631e-01 1.825741858350553670e+01
6.915467939010404297e-02 2.707880464744740756e-01 1.825741858350553670e+01
6.933742358376553117e-02 2.713554480860357332e-01 1.825741858350553670e+01
6.952065068676316351e-02 2.724136499237265752e-01 1.825741858350553670e+01
6.970436197520551991e-02 2.728969117690177582e-01 1.825741858350553670e+01
6.988855872857330231e-02 2.737678681451654605e-01 1.825741858350553670e+01
7.007324222972829975e-02 2.752732260174194368e-01 1.825741858350553670e+01
7.025841376492233947e-02 2.754463889496611140e-01 1.825741858350553670e+01
7.044407462380619656e-02 2.762510812026330864e-01 1.825741858350553670e+01
7.063022609943864216e-02 2.771115436735070436e-01 1.825741858350553670e+01
7.081686948829538086e-02 2.779974848251822728e-01 1.825741858350553670e+01
7.100400609027809895e-02 2.788476780711991454e-01 1.825741858350553670e+01
7.119163720872358214e-02 2.796475882272633218e-01 1.825741858350553670e+01
7.137976415041263900e-02 2.806370494628765422e-01 1.825741858350553670e+01
7.156838822557942681e-02 2.815412627144618374e-01 1.825741858350553670e+01
7.175751074792037498e-02 2.823335716054387046e-01 1.825741858350553670e+01
7.194713303460338605e-02 2.832513091430948760e-01 1.825741858350553670e+01
7.213725640627716151e-02 2.841771196363668817e-01 1.825741858350553670e+01
7.232788218708011141e-02 2.851080620132316890e-01 1.825741858350553670e+01
7.251901170464984669e-02 2.858832146524720175e-01 1.825741858350553670e+01
7.271064629013228309e-02 2.868454988500500069e-01 1.825741858350553670e+01
7.290278727819095306e-02 2.881274125969701116e-01 1.825741858350553670e+01
7.309543600701630395e-02 2.886064601330159407e-01 1.825741858350553670e+01
7.328859381833495446e-02 2.896332307380505844e-01 1.825741858350553670e+01
7.348226205741917316e-02 2.902848138998299077e-01 1.825741858350553670e+01
7.367644207309612114e-02 2.913827930982324510e-01 1.825741858350553670e+01
7.387113521775728886e-02 2.921315196445262163e-01 1.825741858350553670e+01
7.406634284736797469e-02 2.929614953679152700e-01 1.825741858350553670e+01
7.426206632147655529e-02 2.937470785527639405e-01 1.825741858350553670e+01
7.445830700322420004e-02 2.945687844865199634e-01 1.825741858350553670e+01
7.465506625935415530e-02 2.953830053764696650e-01 1.825741858350553670e+01
7.485234546022138946e-02 2.960935948254546646e-01 1.825741858350553670e+01
7.505014597980209923e-02 2.969137451305102759e-01 1.825741858350553670e+01
7.524846919570318815e-02 2.976740649119076765e-01 1.825741858350553670e+01
7.544731648917206435e-02 2.984016705562035354e-01 1.825741858350553670e+01
7.564668924510604964e-02 2.991066207985618175e-01 1.825741858350553670e+01
7.584658885206214951e-02 2.998695863429715058e-01 1.825741858350553670e+01
7.604701670226671206e-02 3.004322148530363945e-01 1.825741858350553670e+01
7.624797419162505918e-02 3.012209386361899277e-01 1.825741858350553670e+01
7.644946271973127039e-02 3.016633265816999199e-01 1.825741858350553670e+01
7.665148368987796668e-02 3.022868678397276354e-01 1.825741858350553670e+01
7.685403850906588619e-02 3.029404142707280978e-01 1.825741858350553670e+01
7.705712858801401499e-02 3.033285601024429678e-01 1.825741858350553670e+01
7.726075534116906562e-02 3.038555995809096300e-01 1.825741858350553670e+01
7.746492018671556623e-02 3.042794385192815754e-01 1.825741858350553670e+01
7.766962454658565829e-02 3.048048015250242604e-01 1.825741858350553670e+01
7.787486984646896371e-02 3.051548322934583557e-01 1.825741858350553670e+01
7.808065751582256298e-02 3.055610499141427905e-01 1.825741858350553670e+01
7.828698898788097327e-02 3.059899585146944601e-01 1.825741858350553670e+01
7.849386569966604332e-02 3.062055128936143622e-01 1.825741858350553670e+01
7.870128909199705647e-02 3.065478181440601246e-01 1.825741858350553670e+01
7.890926060950065324e-02 3.065794766359413170e-01 1.825741858350553670e+01
7.911778170062107318e-02 3.070767906255221780e-01 1.825741858350553670e+01
7.932685381763003585e-02 3.071914803186199805e-01 1.825741858350553670e+01
7.953647841663698259e-02 3.072788439468143729e-01 1.825741858350553670e+01
7.974665695759919348e-02 3.075485578021236455e-01 1.825741858350553670e+01
7.995739090433195972e-02 3.075147474596141572e-01 1.825741858350553670e+01
8.016868172451872832e-02 3.075646614910905186e-01 1.825741858350553670e+01
8.038053088972138549e-02 3.075988967439513000e-01 1.825741858350553670e+01
8.059293987539047077e-02 3.076717682376425844e-01 1.825741858350553670e+01
8.080591016087551592e-02 3.077783808851998204e-01 1.825741858350553670e+01
8.101944322943520349e-02 3.076630445000532177e-01 1.825741858350553670e+01
8.123354056824787228e-02 3.073892181068850205e-01 1.825741858350553670e+01
8.144820366842178694e-02 3.072339534050512744e-01 1.825741858350553670e+01
8.166343402500544912e-02 3.072284798426874741e-01 1.825741858350553670e+01
8.187923313699820016e-02 3.069466858999195802e-01 1.825741858350553670e+01
8.209560250736046283e-02 3.066627088184592509e-01 1.825741858350553670e+01
8.231254364302433013e-02 3.064718923077717205e-01 1.825741858350553670e+01
8.253005805490408464e-02 3.061110696787269769e-01 1.825741858350553670e+01
8.274814725790652359e-02 3.054288353070792050e-01 1.825741858350553670e+01
8.296681277094181128e-02 3.056257413783883270e-01 1.825741858350553670e+01
8.318605611693380419e-02 3.050872551007439704e-01 1.825741858350553670e+01
8.340587882283070909e-02 3.048162819804905443e-01 1.825741858350553670e+01
8.362628241961592157e-02 3.043272859144260933e-01 1.825741858350553670e+01
8.384726844231832343e-02 3.039532499878514482e-01 1.825741858350553670e+01
8.406883843002334322e-02 3.035043490645991104e-01 1.825741858350553670e+01
8.429099392588339235e-02 3.029789095389589515e-01 1.825741858350553670e+01
8.451373647712878689e-02 3.025155188866489597e-01 1.825741858350553670e+01
8.473706763507848905e-02 3.019505444588809207e-01 1.825741858350553670e+01
8.496098895515083460e-02 3.014511675470473162e-01 1.825741858350553670e+01
8.518550199687439928e-02 3.009044287545786789e-01 1.825741858350553670e+01
8.541060832389896218e-02 3.004640940091609647e-01 1.825741858350553670e+01
8.563630950400623332e-02 2.996746286054254305e-01 1.825741858350553670e+01
8.586260710912091421e-02 2.991138484572528622e-01 1.825741858350553670e+01
8.608950271532157805e-02 2.984944176445648023e-01 1.825741858350553670e+01
8.631699790285156382e-02 2.978340700144710418e-01 1.825741858350553670e+01
8.654509425613023110e-02 2.972683787039483994e-01 1.825741858350553670e+01
8.677379336376365992e-02 2.966415884773951350e-01 1.825741858350553670e+01
8.700309681855601662e-02 2.959986941325414289e-01 1.825741858350553670e+01
8.723300621752047568e-02 2.951905898070116829e-01 1.825741858350553670e+01
8.746352316189037746e-02 2.945188119431702001e-01 1.825741858350553670e+01
8.769464925713041370e-02 2.938763409561124251e-01 1.825741858350553670e+01
8.792638611294778528e-02 2.931554543386946099e-01 1.825741858350553670e+01
8.815873534330338768e-02 2.923901609383022793e-01 1.825741858350553670e+01
8.839169856642307976e-02 2.917072839944587215e-01 1.825741858350553670e+01
8.862527740480898031e-02 2.909724486140586874e-01 1.825741858350553670e+01
8.885947348525070899e-02 2.903822894882140959e-01 1.825741858350553670e+01
8.909428843883675231e-02 2.895085541944718566e-01 1.825741858350553670e+01
8.932972390096584336e-02 2.887745118310375281e-01 1.825741858350553670e+01
8.956578151135832777e-02 2.881785839875009581e-01 1.825741858350553670e+01
8.980246291406748793e-02 2.873054486616763992e-01 1.825741858350553670e+01
9.003976975749122813e-02 2.864243086809430405e-01 1.825741858350553670e+01
9.027770369438331555e-02 2.858175666476316379e-01 1.825741858350553670e+01
9.051626638186505147e-02 2.850653558214436556e-01 1.825741858350553670e+01
9.075545948143669273e-02 2.842491860166380113e-01 1.825741858350553670e+01
9.099528465898908125e-02 2.836709375004813349e-01 1.825741858350553670e+01
9.123574358481534308e-02 2.828921530335201662e-01 1.825741858350553670e+01
9.147683793362233751e-02 2.821540204452031020e-01 1.825741858350553670e+01
9.171856938454239772e-02 2.814386512638359372e-01 1.825741858350553670e+01
9.196093962114507137e-02 2.807084502019694949e-01 1.825741858350553670e+01
9.220395033144884733e-02 2.800186365568239633e-01 1.825741858350553670e+01
9.244760320793279917e-02 2.792858419498836509e-01 1.825741858350553670e+01
9.269189994754847839e-02 2.786790748680604279e-01 1.825741858350553670e+01
9.293684225173172442e-02 2.780035802027250869e-01 1.825741858350553670e+01
9.318243182641444688e-02 2.773256112213228208e-01 1.825741858350553670e+01
9.342867038203662988e-02 2.765254732729396370e-01 1.825741858350553670e+01
9.367555963355808646e-02 2.758643795569048485e-01 1.825741858350553670e+01
9.392310130047054617e-02 2.751505068385976527e-01 1.825741858350553670e+01
9.417129710680953447e-02 2.745010345996197199e-01 1.825741858350553670e+01
9.442014878116637699e-02 2.738058689710871629e-01 1.825741858350553670e+01
9.466965805670037037e-02 2.732117260578266760e-01 1.825741858350553670e+01
9.491982667115071715e-02 2.725766517355989738e-01 1.825741858350553670e+01
9.517065636684865493e-02 2.719148964253088607e-01 1.825741858350553670e+01
9.542214889072954398e-02 2.713772516743975238e-01 1.825741858350553670e+01
9.567430599434527394e-02 2.706445003202995747e-01 1.825741858350553670e+01
9.592712943387611546e-02 2.701538997788444640e-01 1.825741858350553670e+01
9.618062097014319634e-02 2.695470070332684487e-01 1.825741858350553670e+01
9.643478236862065844e-02 2.689862574693401287e-01 1.825741858350553670e+01
9.668961539944799510e-02 2.684282379035983213e-01 1.825741858350553670e+01
9.694512183744240230e-02 2.679138712321363913e-01 1.825741858350553670e+01
9.720130346211107442e-02 2.673785891416148308e-01 1.825741858350553670e+01
9.745816205766361096e-02 2.668553339699122895e-01 1.825741858350553670e+01
9.771569941302450657e-02 2.663192749479615928e-01 1.825741858350553670e+01
9.797391732184550228e-02 2.657959167001865408e-01 1.825741858350553670e+01
9.823281758251825591e-02 2.654531608467818327e-01 1.825741858350553670e+01
9.849240199818659613e-02 2.649241804311417980e-01 1.825741858350553670e+01
9.875267237675937337e-02 2.644100586425834343e-01 1.825741858350553670e+01
9.901363053092282485e-02 2.640583877389207634e-01 1.825741858350553670e+01
9.927527827815332828e-02 2.635328938830924783e-01 1.825741858350553670e+01
9.953761744073004458e-02 2.631726671545730478e-01 1.825741858350553670e+01
9.980064984574751885e-02 2.626941889993794077e-01 1.825741858350553670e+01
1.000643773251285035e-01 2.623885838744708376e-01 1.825741858350553670e+01
1.003288017156366979e-01 2.619834296484052638e-01 1.825741858350553670e+01
1.005939248588895440e-01 2.616296189252121374e-01 1.825741858350553670e+01
1.008597486013709799e-01 2.612145676977887243e-01 1.825741858350553670e+01
1.011262747944444151e-01 2.610305810260892811e-01 1.825741858350553670e+01
1.013935052943654713e-01 2.606630812050951262e-01 1.825741858350553670e+01
1.016614419622951515e-01 2.602782601832094866e-01 1.825741858350553670e+01
1.019300866643125525e-01 2.600286100495152186e-01 1.825741858350553670e+01
1.021994412714279932e-01 2.597421122188481868e-01 1.825741858350553670e+01
1.024695076595959903e-01 2.594718800820142168e-01 1.825741858350553670e+01
1.027402877097283590e-01 2.592460558480929045e-01 1.825741858350553670e+01
1.030117833077073691e-01 2.589763402473952425e-01 1.825741858350553670e+01
1.032839963443987347e-01 2.587442902625790020e-01 1.825741858350553670e+01
1.035569287156649088e-01 2.585916292613995582e-01 1.825741858350553670e+01
1.038305823223781982e-01 2.586233420000585981e-01 1.825741858350553670e+01
1.041049590704340722e-01 2.581729278513286707e-01 1.825741858350553670e+01
1.043800608707644573e-01 2.579890240651336875e-01 1.825741858350553670e+01
1.046558896393509352e-01 2.578842413282896873e-01 1.825741858350553670e+01
1.049324472972381350e-01 2.577088022211123097e-01 1.825741858350553670e+01
1.052097357705471942e-01 2.576220102095346798e-01 1.825741858350553670e+01
1.054877569904890677e-01 2.574634462089034348e-01 1.825741858350553670e+01
1.057665128933780313e-01 2.574429920149431394e-01 1.825741858350553670e+01
1.060460054206451425e-01 2.572685401778588288e-01 1.825741858350553670e+01
1.063262365188517855e-01 2.573098937382232165e-01 1.825741858350553670e+01
1.066072081397031746e-01 2.573075283289685822e-01 1.825741858350553670e+01
1.068889222400620925e-01 2.572579019718951310e-01 1.825741858350553670e+01
1.071713807819622971e-01 2.571865645044352222e-01 1.825741858350553670e+01
1.074545857326223708e-01 2.571425430172893933e-01 1.825741858350553670e+01
1.077385390644593072e-01 2.571373547530328985e-01 1.825741858350553670e+01
1.080232427551023749e-01 2.571571830630573485e-01 1.825741858350553670e+01
1.083086987874067458e-01 2.572063035021266431e-01 1.825741858350553670e+01
1.085949091494673863e-01 2.572535129917878916e-01 1.825741858350553670e+01
1.088818758346328935e-01 2.574502413606276074e-01 1.825741858350553670e+01
1.091696008415193320e-01 2.573792333582700653e-01 1.825741858350553670e+01
1.094580861740243188e-01 2.574734985522089681e-01 1.825741858350553670e+01
1.097473338413407218e-01 2.575930479324674005e-01 1.825741858350553670e+01
1.100373458579708419e-01 2.576895713437631352e-01 1.825741858350553670e+01
1.103281242437403886e-01 2.578430253583997023e-01 1.825741858350553670e+01
1.106196710238124964e-01 2.578581210497255527e-01 1.825741858350553670e+01
1.109119882287020048e-01 2.581311600443773058e-01 1.825741858350553670e+01
1.112050778942893503e-01 2.582724386963973218e-01 1.825741858350553670e+01
1.114989420618349297e-01 2.584045428382595877e-01 1.825741858350553670e+01
1.117935827779932279e-01 2.586460910081609388e-01 1.825741858350553670e+01
1.120890020948271254e-01 2.588521544173753020e-01 1.825741858350553670e+01
1.123852020698221793e-01 2.590847775482589266e-01 1.825741858350553670e+01
1.126821847659008891e-01 2.594051007869937475e-01 1.825741858350553670e+01
1.129799522514371712e-01 2.597065060808331771e-01 1.825741858350553670e+01
1.132785066002706398e-01 2.598472273225482798e-01 1.825741858350553670e+01
1.135778498917212331e-01 2.600726514603654560e-01 1.825741858350553670e+01
1.138779842106034390e-01 2.603111877701753674e-01 1.825741858350553670e+01
1.141789116472410881e-01 2.604454679536516992e-01 1.825741858350553670e+01
1.144806342974816621e-01 2.608734890827360542e-01 1.825741858350553670e+01
1.147831542627111151e-01 2.611753957401244941e-01 1.825741858350553670e+01
1.150864736498683483e-01 2.615526482022810795e-01 1.825741858350553670e+01
1.153905945714599202e-01 2.618430857919375465e-01 1.825741858350553670e+01
1.156955191455748266e-01 2.621997029811847235e-01 1.825741858350553670e+01
1.160012494958991558e-01 2.625699716318224963e-01 1.825741858350553670e+01
1.163077877517309927e-01 2.629185109822347877e-01 1.825741858350553670e+01
1.166151360479951299e-01 2.632950469823234219e-01 1.825741858350553670e+01
1.169232965252579998e-01 2.637192053096119593e-01 1.825741858350553670e+01
1.172322713297425795e-01 2.641549544157186236e-01 1.825741858350553670e+01
1.175420626133432817e-01 2.645165704081348101e-01 1.825741858350553670e+01
1.178526725336411229e-01 2.648855271569017233e-01 1.825741858350553670e+01
1.181641032539185038e-01 2.653674767363068399e-01 1.825741858350553670e+01
1.184763569431744185e-01 2.657177006076391068e-01 1.825741858350553670e+01
1.187894357761394987e-01 2.661966026316258116e-01 1.825741858350553670e+01
1.191033419332913068e-01 2.667041117443859077e-01 1.825741858350553670e+01
1.194180776008693101e-01 2.675521833527638171e-01 1.825741858350553670e+01
1.197336449708902434e-01 2.676137061849139798e-01 1.825741858350553670e+01
1.200500462411633051e-01 2.680299588441887870e-01 1.825741858350553670e+01
1.203672836153055065e-01 2.685469870977110207e-01 1.825741858350553670e+01
1.206853593027571031e-01 2.689932530957625523e-01 1.825741858350553670e+01
1.210042755187967917e-01 2.697269983427143525e-01 1.825741858350553670e+01
1.213240344845572249e-01 2.701799469114737340e-01 1.825741858350553670e+01
1.216446384270405551e-01 2.706298896605211501e-01 1.825741858350553670e+01
1.219660895791338379e-01 2.712363753471603856e-01 1.825741858350553670e+01
1.222883901796246869e-01 2.717127704973151814e-01 1.825741858350553670e+01
1.226115424732167614e-01 2.723097547310459055e-01 1.825741858350553670e+01
1.229355487105454475e-01 2.728259559000827394e-01 1.825741858350553670e+01
1.232604111481934994e-01 2.732776081665218570e-01 1.825741858350553670e+01
1.235861320487068871e-01 2.738888856509092418e-01 1.825741858350553670e+01
1.239127136806103674e-01 2.745416479887526906e-01 1.825741858350553670e+01
1.242401583184234160e-01 2.750699381236438867e-01 1.825741858350553670e+01
1.245684682426759643e-01 2.757260475537024469e-01 1.825741858350553670e+01
1.248976457399244011e-01 2.762098818062724837e-01 1.825741858350553670e+01
1.252276931027674345e-01 2.768616207361516146e-01 1.825741858350553670e+01
1.255586126298620653e-01 2.774198468423663688e-01 1.825741858350553670e+01
1.258904066259395049e-01 2.780107576137075265e-01 1.825741858350553670e+01
1.262230774018214541e-01 2.786550755306759775e-01 1.825741858350553670e+01
1.265566272744359511e-01 2.792168112268931246e-01 1.825741858350553670e+01
1.268910585668336921e-01 2.798719157392200452e-01 1.825741858350553670e+01
1.272263736082040742e-01 2.804930396358484845e-01 1.825741858350553670e+01
1.275625747338914873e-01 2.812856891380912105e-01 1.825741858350553670e+01
1.278996642854115795e-01 2.818882752154201476e-01 1.825741858350553670e+01
1.282376446104676049e-01 2.824000460854205752e-01 1.825741858350553670e+01
1.285765180629666327e-01 2.830774110188699622e-01 1.825741858350553670e+01
1.289162870030360897e-01 2.835297955214381993e-01 1.825741858350553670e+01
1.292569537970400806e-01 2.842985362558950735e-01 1.825741858350553670e+01
1.295985208175960135e-01 2.849251022060549920e-01 1.825741858350553670e+01
1.299409904435910035e-01 2.856027676119897718e-01 1.825741858350553670e+01
1.302843650601984704e-01 2.861527141538667274e-01 1.825741858350553670e+01
1.306286470588947091e-01 2.881824470256052484e-01 1.825741858350553670e+01
1.309738388374756812e-01 2.876167017358083888e-01 1.825741858350553670e+01
1.313199428000735858e-01 2.882259561964384265e-01 1.825741858350553670e+01
1.316669613571736508e-01 2.888845812155949599e-01 1.825741858350553670e+01
1.320148969256308980e-01 2.895141895795764198e-01 1.825741858350553670e+01
1.323637519286869901e-01 2.901542527841642349e-01 1.825741858350553670e+01
1.327135287959871068e-01 2.907757051358920708e-01 1.825741858350553670e+01
1.330642299635969306e-01 2.915737862739752329e-01 1.825741858350553670e+01
1.334158578740194945e-01 2.927764037142210896e-01 1.825741858350553670e+01
1.337684149762122243e-01 2.928295233830660593e-01 1.825741858350553670e+01
1.341219037256040358e-01 2.934685781965530316e-01 1.825741858350553670e+01
1.344763265841125432e-01 2.941260349138554164e-01 1.825741858350553670e+01
1.348316860201609069e-01 2.947035821209592066e-01 1.825741858350553670e+01
1.351879845086952636e-01 2.953155005812563294e-01 1.825741858350553670e+01
1.355452245312019077e-01 2.961592974646420906e-01 1.825741858350553670e+01
1.359034085757246102e-01 2.965684826027879528e-01 1.825741858350553670e+01
1.362625391368818550e-01 2.972528211187424607e-01 1.825741858350553670e+01
1.366226187158842698e-01 2.978674474491994628e-01 1.825741858350553670e+01
1.369836498205520281e-01 2.984693243758148595e-01 1.825741858350553670e+01
1.373456349653323916e-01 2.990629171961573518e-01 1.825741858350553670e+01
1.377085766713169457e-01 2.996884757104588126e-01 1.825741858350553670e+01
1.380724774662596965e-01 3.003645803317082641e-01 1.825741858350553670e+01
1.384373398845941405e-01 3.009730995374924056e-01 1.825741858350553670e+01
1.388031664674511112e-01 3.015664218369510374e-01 1.825741858350553670e+01
1.391699597626765150e-01 3.025371229556905739e-01 1.825741858350553670e+01
1.395377223248491505e-01 3.031486819268772170e-01 1.825741858350553670e+01
1.399064567152982774e-01 3.034957207600697537e-01 1.825741858350553670e+01
1.402761655021216303e-01 3.039820813158615742e-01 1.825741858350553670e+01
1.406468512602032095e-01 3.065719653563157010e-01 1.825741858350553670e+01
1.410185165712312672e-01 3.050903521086081871e-01 1.825741858350553670e+01
1.413911640237164036e-01 3.058561371450537192e-01 1.825741858350553670e+01
1.417647962130093031e-01 3.063743517499294966e-01 1.825741858350553670e+01
1.421394157413189974e-01 3.068899966644314525e-01 1.825741858350553670e+01
1.425150252177311005e-01 3.073385607187970048e-01 1.825741858350553670e+01
1.428916272582256008e-01 3.080282618114429383e-01 1.825741858350553670e+01
1.432692244856956509e-01 3.087409586035400610e-01 1.825741858350553670e+01
1.436478195299652205e-01 3.089841068097132770e-01 1.825741858350553670e+01
1.440274150278078591e-01 3.090611851997436266e-01 1.825741858350553670e+01
1.444080136229647648e-01 3.097472953722043010e-01 1.825741858350553670e+01
1.447896179661635752e-01 3.103425722728093694e-01 1.825741858350553670e+01
1.451722307151364078e-01 3.108013906513848457e-01 1.825741858350553670e+01
1.455558545346385124e-01 3.112374051562761257e-01 1.825741858350553670e+01
1.459404920964670060e-01 3.116808367141229996e-01 1.825741858350553670e+01
1.463261460794792190e-01 3.124076973653988620e-01 1.825741858350553670e+01
1.467128191696116246e-01 3.126154006995041090e-01 1.825741858350553670e+01
1.471005140598982408e-01 3.130018907812692208e-01 1.825741858350553670e+01
1.474892334504896707e-01 3.131189517737268391e-01 1.825741858350553670e+01
1.478789800486716433e-01 3.140358324685956215e-01 1.825741858350553670e+01
1.482697565688841368e-01 3.143811235702409501e-01 1.825741858350553670e+01
1.486615657327401419e-01 3.147275985919633645e-01 1.825741858350553670e+01
1.490544102690445072e-01 3.151974380344605420e-01 1.825741858350553670e+01
1.494482929138132021e-01 3.154080217022186550e-01 1.825741858350553670e+01
1.498432164102921071e-01 3.153391979575691506e-01 1.825741858350553670e+01
1.502391835089763872e-01 3.155488025433276222e-01 1.825741858350553670e+01
1.506361969676294488e-01 3.157557017864483506e-01 1.825741858350553670e+01
1.510342595513021191e-01 3.168781425585930345e-01 1.825741858350553670e+01
1.514333740323521305e-01 3.171250606324526600e-01 1.825741858350553670e+01
1.518335431904631883e-01 3.176388827563934036e-01 1.825741858350553670e+01
1.522347698126645110e-01 3.176755975815477306e-01 1.825741858350553670e+01
1.526370566933500927e-01 3.182283438796793540e-01 1.825741858350553670e+01
1.530404066342982705e-01 3.183205483665192403e-01 1.825741858350553670e+01
1.534448224446911258e-01 3.185979468306016638e-01 1.825741858350553670e+01
1.538503069411343294e-01 3.187845611262618561e-01 1.825741858350553670e+01
1.542568629476762654e-01 3.187121073490306045e-01 1.825741858350553670e+01
1.546644932958282093e-01 3.193043067683676295e-01 1.825741858350553670e+01
1.550732008245836735e-01 3.193992319971392657e-01 1.825741858350553670e+01
1.554829883804384472e-01 3.195727872127145375e-01 1.825741858350553670e+01
1.558938588174103024e-01 3.198025722480007937e-01 1.825741858350553670e+01
1.563058149970588118e-01 3.199475089660550053e-01 1.825741858350553670e+01
1.567188597885053603e-01 3.198893300125046912e-01 1.825741858350553670e+01
1.571329960684531013e-01 3.201952866454065294e-01 1.825741858350553670e+01
1.575482267212070520e-01 3.204038876563854443e-01 1.825741858350553670e+01
1.579645546386940491e-01 3.204581005161425411e-01 1.825741858350553670e+01
1.583819827204830111e-01 3.206275078323345684e-01 1.825741858350553670e+01
1.588005138738051436e-01 3.206498915406590378e-01 1.825741858350553670e+01
1.592201510135740072e-01 3.208961133929240095e-01 1.825741858350553670e+01
1.596408970624060564e-01 3.212137061671767602e-01 1.825741858350553670e+01
1.600627549506409009e-01 3.209074084471708055e-01 1.825741858350553670e+01
1.604857276163615398e-01 3.209583025381129162e-01 1.825741858350553670e+01
1.609098180054151783e-01 3.210511955706170650e-01 1.825741858350553670e+01
1.613350290714334057e-01 3.210455825268115904e-01 1.825741858350553670e+01
1.617613637758529566e-01 3.209698635682647350e-01 1.825741858350553670e+01
1.621888250879363613e-01 3.209027661514186058e-01 1.825741858350553670e+01
1.626174159847924294e-01 3.207506466837470316e-01 1.825741858350553670e+01
1.630471394513971217e-01 3.209521564033099850e-01 1.825741858350553670e+01
1.634779984806144781e-01 3.209580824162965862e-01 1.825741858350553670e+01
1.639099960732171291e-01 3.209052151210021187e-01 1.825741858350553670e+01
1.643431352379074450e-01 3.208591637288722986e-01 1.825741858350553670e+01
1.647774189913384646e-01 3.207716433974948655e-01 1.825741858350553670e+01
1.652128503581347108e-01 3.207898123358732256e-01 1.825741858350553670e+01
1.656494323709136185e-01 3.206211035048501246e-01 1.825741858350553670e+01
1.660871680703063236e-01 3.205048533181670822e-01 1.825741858350553670e+01
1.665260605049789511e-01 3.203570812524200173e-01 1.825741858350553670e+01
1.669661127316538207e-01 3.202763903279108315e-01 1.825741858350553670e+01
1.674073278151309296e-01 3.201097126591366249e-01 1.825741858350553670e+01
1.678497088283090466e-01 3.207373431947321829e-01 1.825741858350553670e+01
1.682932588522071116e-01 3.198395470663267792e-01 1.825741858350553670e+01
1.687379809759859128e-01 3.196713943462183849e-01 1.825741858350553670e+01
1.691838782969694033e-01 3.195534266922393507e-01 1.825741858350553670e+01
1.696309539206664885e-01 3.192433643895908335e-01 1.825741858350553670e+01
1.700792109607923430e-01 3.191091961069497107e-01 1.825741858350553670e+01
1.705286525392903374e-01 3.189827380633949994e-01 1.825741858350553670e+01
1.709792817863537151e-01 3.187939016905551037e-01 1.825741858350553670e+01
1.714311018404473252e-01 3.184342566439074540e-01 1.825741858350553670e+01
1.718841158483297160e-01 3.183810066570250119e-01 1.825741858350553670e+01
1.723383269650747007e-01 3.180211998165419218e-01 1.825741858350553670e+01
1.727937383540935623e-01 3.177712117489160382e-01 1.825741858350553670e+01
1.732503531871570357e-01 3.174457907331375561e-01 1.825741858350553670e+01
1.737081746444174291e-01 3.171255911576296160e-01 1.825741858350553670e+01
1.741672059144307450e-01 3.168843668919150702e-01 1.825741858350553670e+01
1.746274501941788015e-01 3.169481633112355978e-01 1.825741858350553670e+01
1.750889106890916314e-01 3.163574931370872756e-01 1.825741858350553670e+01
1.755515906130697135e-01 3.161294984342264969e-01 1.825741858350553670e+01
1.760154931885065388e-01 3.157651231836045569e-01 1.825741858350553670e+01
1.764806216463107313e-01 3.154590806914849832e-01 1.825741858350553670e+01
1.769469792259287799e-01 3.151809006823892978e-01 1.825741858350553670e+01
1.774145691753676313e-01 3.148916275413934374e-01 1.825741858350553670e+01
1.778833947512170610e-01 3.145276465158705625e-01 1.825741858350553670e+01
1.783534592186727663e-01 3.142015834179147094e-01 1.825741858350553670e+01
1.788247658515586258e-01 3.136097462048956230e-01 1.825741858350553670e+01
1.792973179323499033e-01 3.133638344110839524e-01 1.825741858350553670e+01
1.797711187521958132e-01 3.130188224526530560e-01 1.825741858350553670e+01
1.802461716109426682e-01 3.126143912006262293e-01 1.825741858350553670e+01
1.807224798171567781e-01 3.122687102861151920e-01 1.825741858350553670e+01
1.812000466881473482e-01 3.118504606591610551e-01 1.825741858350553670e+01
1.816788755499899044e-01 3.115580464685268614e-01 1.825741858350553670e+01
1.821589697375490258e-01 3.110546509206165711e-01 1.825741858350553670e+01
1.826403325945021305e-01 3.107529438519253673e-01 1.825741858350553670e+01
1.831229674733621526e-01 3.106366248340993175e-01 1.825741858350553670e+01
1.836068777355013282e-01 3.098009273165360233e-01 1.825741858350553670e+01
1.840920667511744546e-01 3.094479603512005905e-01 1.825741858350553670e+01
1.845785378995423720e-01 3.087904395961721948e-01 1.825741858350553670e+01
1.850662945686954719e-01 3.085427646524027678e-01 1.825741858350553670e+01
1.855553401556773174e-01 3.079295541501621547e-01 1.825741858350553670e+01
1.860456780665083465e-01 3.076277715786362443e-01 1.825741858350553670e+01
1.865373117162094085e-01 3.073703879167958841e-01 1.825741858350553670e+01
1.870302445288259396e-01 3.063973093349507959e-01 1.825741858350553670e+01
1.875244799374514160e-01 3.062704311117321332e-01 1.825741858350553670e+01
1.880200213842513346e-01 3.059095691870182265e-01 1.825741858350553670e+01
1.885168723204874441e-01 3.054189083095519286e-01 1.825741858350553670e+01
1.890150362065413925e-01 3.049850662458248873e-01 1.825741858350553670e+01
1.895145165119392350e-01 3.045337605785239377e-01 1.825741858350553670e+01
1.900153167153753042e-01 3.040778039869457827e-01 1.825741858350553670e+01
1.905174403047365239e-01 3.030035097173811587e-01 1.825741858350553670e+01
1.910208907771266673e-01 3.028761704807188537e-01 1.825741858350553670e+01
1.915256716388908653e-01 3.023973402672947564e-01 1.825741858350553670e+01
1.920317864056398649e-01 3.019384000097939391e-01 1.825741858350553670e+01
1.925392386022745095e-01 3.016212034155251742e-01 1.825741858350553670e+01
1.930480317630103859e-01 3.011475107861336098e-01 1.825741858350553670e+01
1.935581694314023882e-01 3.006051840495137517e-01 1.825741858350553670e+01
1.940696551603695030e-01 3.001421669092653177e-01 1.825741858350553670e+01
1.945824925122193183e-01 2.995610522979600954e-01 1.825741858350553670e+01
1.950966850586730306e-01 2.991376902146336558e-01 1.825741858350553670e+01
1.956122363808901754e-01 2.986202802426038416e-01 1.825741858350553670e+01
1.961291500694939127e-01 2.981398622905512830e-01 1.825741858350553670e+01
1.966474297245954517e-01 2.975972552765898671e-01 1.825741858350553670e+01
1.971670789558196690e-01 2.971338446476860518e-01 1.825741858350553670e+01
1.976881013823299504e-01 2.966211430797541793e-01 1.825741858350553670e+01
1.982105006328533925e-01 2.958269662583204451e-01 1.825741858350553670e+01
1.987342803457063656e-01 2.955772513929625367e-01 1.825741858350553670e+01
1.992594441688195495e-01 2.949758258306796055e-01 1.825741858350553670e+01
1.997859957597633018e-01 2.945207083914296864e-01 1.825741858350553670e+01
2.003139387857734710e-01 2.941180531380446772e-01 1.825741858350553670e+01
2.008432769237765703e-01 2.934664340402906024e-01 1.825741858350553670e+01
2.013740138604157015e-01 2.929491809359985877e-01 1.825741858350553670e+01
2.019061532920759794e-01 2.924630733912308433e-01 1.825741858350553670e+01
2.024396989249103440e-01 2.920584707398459767e-01 1.825741858350553670e+01
2.029746544748654846e-01 2.913937262130635863e-01 1.825741858350553670e+01
2.035110236677076245e-01 2.907896113474361943e-01 1.825741858350553670e+01
2.040488102390484448e-01 2.903793345253509184e-01 1.825741858350553670e+01
2.045880179343711747e-01 2.898719088701667834e-01 1.825741858350553670e+01
2.051286505090566259e-01 2.893533896998125576e-01 1.825741858350553670e+01
2.056707117284092556e-01 2.885144758286531941e-01 1.825741858350553670e+01
2.062142053676838116e-01 2.882144652460514878e-01 1.825741858350553670e+01
2.067591352121109782e-01 2.877514381376446440e-01 1.825741858350553670e+01
2.073055050569242719e-01 2.872335495202069100e-01 1.825741858350553670e+01
2.078533187073861310e-01 2.866952106704673819e-01 1.825741858350553670e+01
2.084025799788146727e-01 2.861295430324949929e-01 1.825741858350553670e+01
2.089532926966101989e-01 2.855847834015723952e-01 1.825741858350553670e+01
2.095054606962816479e-01 2.850319697963694665e-01 1.825741858350553670e+01
2.100590878234735170e-01 2.845557453036579032e-01 1.825741858350553670e+01
2.106141779339925912e-01 2.843491240510368501e-01 1.825741858350553670e+01
2.111707348938348661e-01 2.836135457734885734e-01 1.825741858350553670e+01
2.117287625792122763e-01 2.829885299962525136e-01 1.825741858350553670e+01
2.122882648765798685e-01 2.824386320486244606e-01 1.825741858350553670e+01
2.128492456826627799e-01 2.819647675433381573e-01 1.825741858350553670e+01
2.134117089044833826e-01 2.814816476855782068e-01 1.825741858350553670e+01
2.139756584593887068e-01 2.808934919244626127e-01 1.825741858350553670e+01
2.145410982750773077e-01 2.804233132079602675e-01 1.825741858350553670e+01
2.151080322896270214e-01 2.798268652627772801e-01 1.825741858350553670e+01
2.156764644515219986e-01 2.792466071098250735e-01 1.825741858350553670e+01
2.162463987196807658e-01 2.789094029458079604e-01 1.825741858350553670e+01
2.168178390634832031e-01 2.783388711709512409e-01 1.825741858350553670e+01
2.173907894627984949e-01 2.778597862398862750e-01 1.825741858350553670e+01
2.179652539080128570e-01 2.773848458364969183e-01 1.825741858350553670e+01
2.185412364000571539e-01 2.767486199381837264e-01 1.825741858350553670e+01
2.191187409504350703e-01 2.762991139546731589e-01 1.825741858350553670e+01
2.196977715812507559e-01 2.757951895640724516e-01 1.825741858350553670e+01
2.202783323252368586e-01 2.752661281231672530e-01 1.825741858350553670e+01
2.208604272257828627e-01 2.747722565060246036e-01 1.825741858350553670e+01
2.214440603369628446e-01 2.742605782987825869e-01 1.825741858350553670e+01
2.220292357235642833e-01 2.737338248500439386e-01 1.825741858350553670e+01
2.226159574611157876e-01 2.732437827255293494e-01 1.825741858350553670e+01
2.232042296359157407e-01 2.727558236773642286e-01 1.825741858350553670e+01
2.237940563450607767e-01 2.723838804560000382e-01 1.825741858350553670e+01
2.243854416964743692e-01 2.718226931686009151e-01 1.825741858350553670e+01
2.249783898089352252e-01 2.712786246886912389e-01 1.825741858350553670e+01
2.255729048121061786e-01 2.707846950875298364e-01 1.825741858350553670e+01
2.261689908465628063e-01 2.702786212629888496e-01 1.825741858350553670e+01
2.267666520638223215e-01 2.697865424985412819e-01 1.825741858350553670e+01
2.273658926263727176e-01 2.692474186024714222e-01 1.825741858350553670e+01
2.279667167077012724e-01 2.688259402264095987e-01 1.825741858350553670e+01
2.285691284923239974e-01 2.683223634571494376e-01 1.825741858350553670e+01
2.291731321758145590e-01 2.678413573446492557e-01 1.825741858350553670e+01
2.297787319648339210e-01 2.673535449211032478e-01 1.825741858350553670e+01
2.303859320771589336e-01 2.668586258871842309e-01 1.825741858350553670e+01
2.309947367417123087e-01 2.664031691538366609e-01 1.825741858350553670e+01
2.316051501985918748e-01 2.659827645034351096e-01 1.825741858350553670e+01
2.322171766990999697e-01 2.654844885866154969e-01 1.825741858350553670e+01
2.328308205057733893e-01 2.649490211411916207e-01 1.825741858350553670e+01
2.334460858924126969e-01 2.645571447696000722e-01 1.825741858350553670e+01
2.340629771441121443e-01 2.640988380552131143e-01 1.825741858350553670e+01
2.346814985572897028e-01 2.637045532983881557e-01 1.825741858350553670e+01
2.353016544397165677e-01 2.631189959980377857e-01 1.825741858350553670e+01
2.359234491105476339e-01 2.626724558365692297e-01 1.825741858350553670e+01
2.365468869003512775e-01 2.622246057511403161e-01 1.825741858350553670e+01
2.371719721511394152e-01 2.617258113577132228e-01 1.825741858350553670e+01
2.377987092163981186e-01 2.612540071882065162e-01 1.825741858350553670e+01
2.384271024611177570e-01 2.608604418342394538e-01 1.825741858350553670e+01
2.390571562618231671e-01 2.604088299231547277e-01 1.825741858350553670e+01
2.396888750066045182e-01 2.599669187432898654e-01 1.825741858350553670e+01
2.403222630951476479e-01 2.594757418567367746e-01 1.825741858350553670e+01
2.409573249387646499e-01 2.590727909216265501e-01 1.825741858350553670e+01
2.415940649604249035e-01 2.586161514833479336e-01 1.825741858350553670e+01
2.422324875947854950e-01 2.581522751308728547e-01 1.825741858350553670e+01
2.428725972882223583e-01 2.577395557837945383e-01 1.825741858350553670e+01
2.435143984988610844e-01 2.572826477043272386e-01 1.825741858350553670e+01
2.441578956966082570e-01 2.568615875097352563e-01 1.825741858350553670e+01
2.448030933631821504e-01 2.564434871555023587e-01 1.825741858350553670e+01
2.454499959921442875e-01 2.560760769291958727e-01 1.825741858350553670e+01
2.460986080889305538e-01 2.555781948066170872e-01 1.825741858350553670e+01
2.467489341708827000e-01 2.550352820167611223e-01 1.825741858350553670e+01
2.474009787672797334e-01 2.547154122387343400e-01 1.825741858350553670e+01
2.480547464193695040e-01 2.542649548596991327e-01 1.825741858350553670e+01
2.487102416804002070e-01 2.539725232426197632e-01 1.825741858350553670e+01
2.493674691156523016e-01 2.534549215932047628e-01 1.825741858350553670e+01
2.500264333024700414e-01 2.530335375250399865e-01 1.825741858350553670e+01
2.506871388302936987e-01 2.526808370237775825e-01 1.825741858350553670e+01
2.513495903006912613e-01 2.522262908695447892e-01 1.825741858350553670e+01
2.520137923273905178e-01 2.518392730208595665e-01 1.825741858350553670e+01
2.526797495363111712e-01 2.513990780269877434e-01 1.825741858350553670e+01
2.533474665655973679e-01 2.510254256129743622e-01 1.825741858350553670e+01
2.540169480656495060e-01 2.505510748061414161e-01 1.825741858350553670e+01
2.546881986991568758e-01 2.501409268998682212e-01 1.825741858350553670e+01
2.553612231411302447e-01 2.498515076711402827e-01 1.825741858350553670e+01
2.560360260789341647e-01 2.498419503684194687e-01 1.825741858350553670e+01
2.567126122123199461e-01 2.489795800792536373e-01 1.825741858350553670e+01
2.573909862534580761e-01 2.486107639278896109e-01 1.825741858350553670e+01
2.580711529269710258e-01 2.482013653828886723e-01 1.825741858350553670e+01
2.587531169699664457e-01 2.477484285117701468e-01 1.825741858350553670e+01
2.594368831320699731e-01 2.474645738602765099e-01 1.825741858350553670e+01
2.601224561754583164e-01 2.470552212746859599e-01 1.825741858350553670e+01
2.608098408748923958e-01 2.466895379050693393e-01 1.825741858350553670e+01
2.614990420177507047e-01 2.463015533357756637e-01 1.825741858350553670e+01
2.621900644040625616e-01 2.459286099851009100e-01 1.825741858350553670e+01
2.628829128465416387e-01 2.455121208682692346e-01 1.825741858350553670e+01
2.635775921706192682e-01 2.451780863636024710e-01 1.825741858350553670e+01
2.642741072144783043e-01 2.448041390286720409e-01 1.825741858350553670e+01
2.649724628290866524e-01 2.444557679378631110e-01 1.825741858350553670e+01
2.656726638782310190e-01 2.440838921550045337e-01 1.825741858350553670e+01
2.663747152385511630e-01 2.436932318237613193e-01 1.825741858350553670e+01
2.670786217995733125e-01 2.433300514080526389e-01 1.825741858350553670e+01
2.677843884637444716e-01 2.429947713752254324e-01 1.825741858350553670e+01
2.684920201464667255e-01 2.425578223017557933e-01 1.825741858350553670e+01
2.692015217761313250e-01 2.421777404674826661e-01 1.825741858350553670e+01
2.699128982941527699e-01 2.419320235860404344e-01 1.825741858350553670e+01
2.706261546550036701e-01 2.415773431247659475e-01 1.825741858350553670e+01
2.713412958262490515e-01 2.411839340607839222e-01 1.825741858350553670e+01
2.720583267885807732e-01 2.408978531613923391e-01 1.825741858350553670e+01
2.727772525358525546e-01 2.405163935702284705e-01 1.825741858350553670e+01
2.734980780751144480e-01 2.401667119432284725e-01 1.825741858350553670e+01
2.742208084266480328e-01 2.396289963010191371e-01 1.825741858350553670e+01
2.749454486240009987e-01 2.395354962593903014e-01 1.825741858350553670e+01
2.756720037140225621e-01 2.391614025785638586e-01 1.825741858350553670e+01
2.764004787568982713e-01 2.387906004489808998e-01 1.825741858350553670e+01
2.771308788261855338e-01 2.384776797917488589e-01 1.825741858350553670e+01
2.778632090088490880e-01 2.380636297098000786e-01 1.825741858350553670e+01
2.785974744052956420e-01 2.378316559524640272e-01 1.825741858350553670e+01
2.793336801294106220e-01 2.374686882616667549e-01 1.825741858350553670e+01
2.800718313085923672e-01 2.371377509300017228e-01 1.825741858350553670e+01
2.808119330837890448e-01 2.370258652579040337e-01 1.825741858350553670e+01
2.815539906095343436e-01 2.364942900780462320e-01 1.825741858350553670e+01
2.822980090539820575e-01 2.361885584887536138e-01 1.825741858350553670e+01
2.830439935989439992e-01 2.358820340697340423e-01 1.825741858350553670e+01
2.837919494399244735e-01 2.355310783461632973e-01 1.825741858350553670e+01
2.845418817861575245e-01 2.352419253859422132e-01 1.825741858350553670e+01
2.852937958606427959e-01 2.349026914637713792e-01 1.825741858350553670e+01
2.860476969001816139e-01 2.346161314779523221e-01 1.825741858350553670e+01
2.868035901554142342e-01 2.342661997969756327e-01 1.825741858350553670e+01
2.875614808908554254e-01 2.342595874984990389e-01 1.825741858350553670e+01
2.883213743849319943e-01 2.336674163785608938e-01 1.825741858350553670e+01
2.890832759300195343e-01 2.333695246283885305e-01 1.825741858350553670e+01
2.898471908324780633e-01 2.331227329479169663e-01 1.825741858350553670e+01
2.906131244126907709e-01 2.327136657227630301e-01 1.825741858350553670e+01
2.913810820050998784e-01 2.324506205420143468e-01 1.825741858350553670e+01
2.921510689582437759e-01 2.321474793412585391e-01 1.825741858350553670e+01
2.929230906347951024e-01 2.318640116729002720e-01 1.825741858350553670e+01
2.936971524115971621e-01 2.315526047940216214e-01 1.825741858350553670e+01
2.944732596797021151e-01 2.312603626608545349e-01 1.825741858350553670e+01
2.952514178444081705e-01 2.309902330297981532e-01 1.825741858350553670e+01
2.960316323252969450e-01 2.306906550908276732e-01 1.825741858350553670e+01
2.968139085562720991e-01 2.303949320425198177e-01 1.825741858350553670e+01
2.975982519855959740e-01 2.301701407256986354e-01 1.825741858350553670e+01
2.983846680759285608e-01 2.298767132708989247e-01 1.825741858350553670e+01
2.991731623043653032e-01 2.295626066027068035e-01 1.825741858350553670e+01
2.999637401624745126e-01 2.292453515426679522e-01 1.825741858350553670e+01
3.007564071563370023e-01 2.290262715411159888e-01 1.825741858350553670e+01
3.015511688065829476e-01 2.287026012100853711e-01 1.825741858350553670e+01
3.023480306484312985e-01 2.284448875911307686e-01 1.825741858350553670e+01
3.031469982317283041e-01 2.279080791596971578e-01 1.825741858350553670e+01
3.039480771209853160e-01 2.278508631705522258e-01 1.825741858350553670e+01
3.047512728954188677e-01 2.276253290945558783e-01 1.825741858350553670e+01
3.055565911489880881e-01 2.273455991048461688e-01 1.825741858350553670e+01
3.063640374904349484e-01 2.270362582737991963e-01 1.825741858350553670e+01
3.071736175433226190e-01 2.268012259420603693e-01 1.825741858350553670e+01
3.079853369460744950e-01 2.265618244553735117e-01 1.825741858350553670e+01
3.087992013520139967e-01 2.262196173693807599e-01 1.825741858350553670e+01
3.096152164294038722e-01 2.259997140729487763e-01 1.825741858350553670e+01
3.104333878614849995e-01 2.257531530124197439e-01 1.825741858350553670e+01
3.112537213465169650e-01 2.254757209954924846e-01 1.825741858350553670e+01
3.120762225978168658e-01 2.252029386077606665e-01 1.825741858350553670e+01
3.129008973437996666e-01 2.249753818732448951e-01 1.825741858350553670e+01
3.137277513280180008e-01 2.247075513637442346e-01 1.825741858350553670e+01
3.145567903092018058e-01 2.244169654799277880e-01 1.825741858350553670e+01
3.153880200612991236e-01 2.240383538248362505e-01 1.825741858350553670e+01
3.162214463735152914e-01 2.239529528741874276e-01 1.825741858350553670e+01
3.170570750503545199e-01 2.236644399760015223e-01 1.825741858350553670e+01
3.178949119116594169e-01 2.234690255746051013e-01 1.825741858350553670e+01
3.187349627926513995e-01 2.232558553205533647e-01 1.825741858350553670e+01
3.195772335439724943e-01 2.229459609410885945e-01 1.825741858350553670e+01
3.204217300317244166e-01 2.226945163486287460e-01 1.825741858350553670e+01
3.212684581375109816e-01 2.224475190757919107e-01 1.825741858350553670e+01
3.221174237584782940e-01 2.221855509837557252e-01 1.825741858350553670e+01
3.229686328073554380e-01 2.219102716439720346e-01 1.825741858350553670e+01
3.238220912124967210e-01 2.217323782358327500e-01 1.825741858350553670e+01
3.246778049179219749e-01 2.214944269019167022e-01 1.825741858350553670e+01
3.255357798833584670e-01 2.212654597073872853e-01 1.825741858350553670e+01
3.263960220842827553e-01 2.209831801857150557e-01 1.825741858350553670e+01
3.272585375119608231e-01 2.208149262764033671e-01 1.825741858350553670e+01
3.281233321734919328e-01 2.205917611366574604e-01 1.825741858350553670e+01
3.289904120918488162e-01 2.203270753700089513e-01 1.825741858350553670e+01
3.298597833059200291e-01 2.200907617528707338e-01 1.825741858350553670e+01
3.307314518705525841e-01 2.198673987222816983e-01 1.825741858350553670e+01
3.316054238565931955e-01 2.196255029887373977e-01 1.825741858350553670e+01
3.324817053509314668e-01 2.193271284853963721e-01 1.825741858350553670e+01
3.333603024565418016e-01 2.191946292807415153e-01 1.825741858350553670e+01
3.342412212925255921e-01 2.189444877190392380e-01 1.825741858350553670e+01
3.351244679941548510e-01 2.186327910225967230e-01 1.825741858350553670e+01
3.360100487129135671e-01 2.184753812918414084e-01 1.825741858350553670e+01
3.368979696165419480e-01 2.182818749309566875e-01 1.825741858350553670e+01
3.377882368890785525e-01 2.180914996778680059e-01 1.825741858350553670e+01
3.386808567309031459e-01 2.175855933106245199e-01 1.825741858350553670e+01
3.395758353587808309e-01 2.175871146044915661e-01 1.825741858350553670e+01
3.404731790059041252e-01 2.173965418488580659e-01 1.825741858350553670e+01
3.413728939219375369e-01 2.171722596516647286e-01 1.825741858350553670e+01
3.422749863730607522e-01 2.169684089803715910e-01 1.825741858350553670e+01
3.431794626420113237e-01 2.166947008976925493e-01 1.825741858350553670e+01
3.440863290281300779e-01 2.166118609940282380e-01 1.825741858350553670e+01
3.449955918474032490e-01 2.163168318254689582e-01 1.825741858350553670e+01
3.459072574325080529e-01 2.161862125179629113e-01 1.825741858350553670e+01
3.468213321328559307e-01 2.159251608653058596e-01 1.825741858350553670e+01
3.477378223146365688e-01 2.157493432448146786e-01 1.825741858350553670e+01
3.486567343608629743e-01 2.154664575898848911e-01 1.825741858350553670e+01
3.495780746714151621e-01 2.153250555195065918e-01 1.825741858350553670e+01
3.505018496630854519e-01 2.150684049995015834e-01 1.825741858350553670e+01
3.514280657696228771e-01 2.148884772134866950e-01 1.825741858350553670e+01
3.523567294417773166e-01 2.146618755625523400e-01 1.825741858350553670e+01
3.532878471473457349e-01 2.144620619750601809e-01 1.825741858350553670e+01
3.542214253712162586e-01 2.144486085970664369e-01 1.825741858350553670e+01
3.551574706154132510e-01 2.140978801268499654e-01 1.825741858350553670e+01
3.560959893991437752e-01 2.139192291507346910e-01 1.825741858350553670e+01
3.570369882588411148e-01 2.136125369760719928e-01 1.825741858350553670e+01
3.579804737482123467e-01 2.134520853461260581e-01 1.825741858350553670e+01
3.589264524382825838e-01 2.132439030967011040e-01 1.825741858350553670e+01
3.598749309174408828e-01 2.130475651282331961e-01 1.825741858350553670e+01
3.608259157914869841e-01 2.128309971591238747e-01 1.825741858350553670e+01
3.617794136836761099e-01 2.126783573147963124e-01 1.825741858350553670e+01
3.627354312347660370e-01 2.125027009463058836e-01 1.825741858350553670e+01
3.636939751030634493e-01 2.122460416634244784e-01 1.825741858350553670e+01
3.646550519644689015e-01 2.120602515938192767e-01 1.825741858350553670e+01
3.656186685125253355e-01 2.118723633206069656e-01 1.825741858350553670e+01
3.665848314584627121e-01 2.115264198078601054e-01 1.825741858350553670e+01
3.675535475312464717e-01 2.114791992232458173e-01 1.825741858350553670e+01
3.685248234776234422e-01 2.112768580173353117e-01 1.825741858350553670e+01
3.694986660621686347e-01 2.111050181880045895e-01 1.825741858350553670e+01
3.704750820673333722e-01 2.109065541826217471e-01 1.825741858350553670e+01
3.714540782934910856e-01 2.107800718034075205e-01 1.825741858350553670e+01
3.724356615589862196e-01 2.105430689768751085e-01 1.825741858350553670e+01
3.734198387001808617e-01 2.103374977573013449e-01 1.825741858350553670e+01
3.744066165715019823e-01 2.101884856054473116e-01 1.825741858350553670e+01
3.753960020454901181e-01 2.099588604937591141e-01 1.825741858350553670e+01
3.763880020128469450e-01 2.097700628449532534e-01 1.825741858350553670e+01
3.773826233824824072e-01 2.096031823437874697e-01 1.825741858350553670e+01
3.783798730815644551e-01 2.094233938802555761e-01 1.825741858350553670e+01
3.793797580555653415e-01 2.092424302385854640e-01 1.825741858350553670e+01
3.803822852683119704e-01 2.090395141784043564e-01 1.825741858350553670e+01
3.813874617020331925e-01 2.088801794851378735e-01 1.825741858350553670e+01
3.823952943574080998e-01 2.087506751812022998e-01 1.825741858350553670e+01
3.834057902536162077e-01 2.084989644952193466e-01 1.825741858350553670e+01
