2.738612787525830303e-02 6.641575157656230965e-01 5.477225575051661188e+00
2.745849688774178524e-02 6.388233374984748636e-01 5.477225575051661188e+00
2.753105713843142024e-02 6.108662024151791936e-01 5.477225575051661188e+00
2.760380913268230263e-02 5.615621965630175350e-01 5.477225575051661188e+00
2.767675337718500730e-02 5.472924245599335435e-01 5.477225575051661188e+00
2.774989037996901386e-02 4.757687022106849573e-01 5.477225575051661188e+00
2.782322065040631828e-02 3.122881083720328022e-01 5.477225575051661188e+00
2.789674469921496480e-02 4.293780380164784471e-01 5.477225575051661188e+00
2.797046303846255355e-02 3.832955093453669360e-01 5.477225575051661188e+00
2.804437618156989040e-02 4.092268392551752787e-01 5.477225575051661188e+00
2.811848464331445988e-02 3.838825321477014052e-01 5.477225575051661188e+00
2.819278893983413053e-02 3.160201309789583135e-01 5.477225575051661188e+00
2.826728958863066257e-02 2.923206998073408225e-01 5.477225575051661188e+00
2.834198710857330564e-02 2.984419374006292980e-01 5.477225575051661188e+00
2.841688201990248686e-02 2.584187080239880863e-01 5.477225575051661188e+00
2.849197484423339477e-02 2.546352401070479110e-01 5.477225575051661188e+00
2.856726610455954593e-02 2.383901997039728771e-01 5.477225575051661188e+00
2.864275632525657700e-02 2.378767223022370814e-01 5.477225575051661188e+00
2.871844603208573155e-02 2.227241094893123441e-01 5.477225575051661188e+00
2.879433575219763480e-02 2.001019879811880287e-01 5.477225575051661188e+00
2.887042601413596088e-02 2.105447665620920339e-01 5.477225575051661188e+00
2.894671734784101322e-02 2.055036912721935893e-01 5.477225575051661188e+00
2.902321028465355141e-02 1.993428962265475779e-01 5.477225575051661188e+00
2.909990535731837163e-02 1.941257889926500946e-01 5.477225575051661188e+00
2.917680309998810576e-02 3.401503166400135503e-01 5.477225575051661188e+00
2.925390404822691276e-02 1.938156457074630690e-01 5.477225575051661188e+00
2.933120873901415640e-02 1.770524841400703819e-01 5.477225575051661188e+00
2.940871771074825627e-02 1.850499134780927424e-01 5.477225575051661188e+00
2.948643150325030646e-02 1.821051004792809402e-01 5.477225575051661188e+00
2.956435065776794741e-02 1.845728838621129297e-01 5.477225575051661188e+00
2.964247571697909561e-02 1.852111366126182046e-01 5.477225575051661188e+00
2.972080722499565938e-02 1.834383608114039943e-01 5.477225575051661188e+00
2.979934572736745932e-02 1.467704354733156691e-01 5.477225575051661188e+00
2.987809177108588857e-02 1.881710990483036194e-01 5.477225575051661188e+00
2.995704590458782984e-02 1.774654251075063749e-01 5.477225575051661188e+00
3.003620867775944406e-02 1.945187304116328120e-01 5.477225575051661188e+00
3.011558064193993467e-02 1.993521780327895954e-01 5.477225575051661188e+00
3.019516234992550979e-02 1.984334080726442018e-01 5.477225575051661188e+00
3.027495435597309797e-02 2.129332326403727271e-01 5.477225575051661188e+00
3.035495721580432418e-02 2.175206821153183312e-01 5.477225575051661188e+00
3.043517148660933661e-02 2.239949469590508946e-01 5.477225575051661188e+00
3.051559772705062651e-02 2.333126093142069146e-01 5.477225575051661188e+00
3.059623649726702851e-02 2.437635783916345389e-01 5.477225575051661188e+00
3.067708835887756474e-02 2.409741887118002079e-01 5.477225575051661188e+00
3.075815387498530978e-02 3.113216254049369081e-01 5.477225575051661188e+00
3.083943361018143606e-02 2.704348961195285894e-01 5.477225575051661188e+00
3.092092813054899553e-02 3.597339644713624662e-01 5.477225575051661188e+00
3.100263800366699282e-02 3.113880367462962262e-01 5.477225575051661188e+00
3.108456379861428837e-02 3.273573354247747424e-01 5.477225575051661188e+00
3.116670608597350151e-02 3.660649073030456946e-01 5.477225575051661188e+00
3.124906543783510793e-02 3.750996994980130839e-01 5.477225575051661188e+00
3.133164242780130115e-02 4.032860976325384206e-01 5.477225575051661188e+00
3.141443763099006914e-02 4.347272860923894200e-01 5.477225575051661188e+00
3.149745162403919801e-02 5.190646198197751415e-01 5.477225575051661188e+00
3.158068498511019950e-02 5.055891054476333579e-01 5.477225575051661188e+00
3.166413829389248119e-02 5.597939289639629612e-01 5.477225575051661188e+00
3.174781213160721843e-02 5.809073896300605000e-01 5.477225575051661188e+00
3.183170708101156626e-02 5.906469124204650756e-01 5.477225575051661188e+00
3.191582372640260068e-02 6.503765891583457304e-01 5.477225575051661188e+00
3.200016265362142648e-02 6.208649223243807302e-01 5.477225575051661188e+00
3.208472445005728507e-02 6.273003412197680762e-01 5.477225575051661188e+00
3.216950970465156517e-02 7.249048303397340742e-01 5.477225575051661188e+00
3.225451900790202164e-02 7.343840341579720432e-01 5.477225575051661188e+00
3.233975295186680005e-02 7.745675775000864238e-01 5.477225575051661188e+00
3.242521213016855836e-02 6.449579702906793610e-01 5.477225575051661188e+00
3.251089713799866499e-02 7.778590159361818968e-01 5.477225575051661188e+00
3.259680857212131355e-02 7.401581026712784617e-01 5.477225575051661188e+00
3.268294703087760988e-02 7.542731175427195289e-01 5.477225575051661188e+00
3.276931311418988108e-02 6.262183710536727288e-01 5.477225575051661188e+00
3.285590742356571392e-02 6.106890456939709777e-01 5.477225575051661188e+00
3.294273056210222234e-02 6.691413162677751769e-01 5.477225575051661188e+00
3.302978313449028008e-02 6.437643407000180895e-01 5.477225575051661188e+00
3.311706574701858002e-02 6.047472144216389234e-01 5.477225575051661188e+00
3.320457900757806807e-02 5.833072639751800681e-01 5.477225575051661188e+00
3.329232352566596775e-02 5.487808532498373859e-01 5.477225575051661188e+00
3.338029991239020722e-02 4.940074683576924919e-01 5.477225575051661188e+00
3.346850878047356870e-02 5.173205209547642180e-01 5.477225575051661188e+00
3.355695074425794205e-02 4.351327969376991844e-01 5.477225575051661188e+00
3.364562641970869628e-02 4.069136069232741071e-01 5.477225575051661188e+00
3.373453642441887057e-02 2.940534901733125595e-01 5.477225575051661188e+00
3.382368137761354587e-02 3.646402421161231144e-01 5.477225575051661188e+00
3.391306190015415389e-02 2.922813597000671337e-01 5.477225575051661188e+00
3.400267861454270985e-02 3.795461531766920471e-01 5.477225575051661188e+00
3.409253214492629497e-02 3.097486503276938308e-01 5.477225575051661188e+00
3.418262311710125456e-02 3.350862067132092670e-01 5.477225575051661188e+00
3.427295215851768051e-02 2.722516243405577185e-01 5.477225575051661188e+00
3.436351989828372727e-02 2.694734836104644704e-01 5.477225575051661188e+00
3.445432696716994869e-02 2.578976255288749631e-01 5.477225575051661188e+00
3.454537399761377359e-02 2.289823191039663530e-01 5.477225575051661188e+00
3.463666162372389806e-02 2.358206830193335102e-01 5.477225575051661188e+00
3.472819048128459457e-02 2.328375762616836098e-01 5.477225575051661188e+00
3.481996120776031239e-02 2.231719743887316532e-01 5.477225575051661188e+00
3.491197444229995200e-02 1.991064643542713730e-01 5.477225575051661188e+00
3.500423082574146555e-02 2.123391604095800633e-01 5.477225575051661188e+00
3.509673100061620060e-02 2.747331701884223043e-01 5.477225575051661188e+00
3.518947561115341044e-02 2.008930919572602669e-01 5.477225575051661188e+00
3.528246530328481290e-02 1.972560875716157514e-01 5.477225575051661188e+00
3.537570072464894105e-02 1.939797092698062886e-01 5.477225575051661188e+00
3.546918252459580617e-02 1.909924082743607865e-01 5.477225575051661188e+00
3.556291135419135940e-02 1.793527148627459267e-01 5.477225575051661188e+00
3.565688786622194656e-02 1.880706842091665054e-01 5.477225575051661188e+00
3.575111271519902656e-02 1.855582658588453837e-01 5.477225575051661188e+00
3.584558655736355681e-02 1.821914998074999903e-01 5.477225575051661188e+00
3.594031005069067697e-02 1.815931293045108530e-01 5.477225575051661188e+00
3.603528385489426777e-02 1.805873252859046540e-01 5.477225575051661188e+00
3.613050863143147523e-02 1.919819634757862215e-01 5.477225575051661188e+00
3.622598504350743598e-02 1.779604353953881668e-01 5.477225575051661188e+00
3.632171375607979452e-02 1.853286350248087855e-01 5.477225575051661188e+00
3.641769543586337310e-02 1.831420220560961987e-01 5.477225575051661188e+00
3.651393075133486932e-02 1.840071133155249394e-01 5.477225575051661188e+00
3.661042037273738031e-02 1.822870563676290689e-01 5.477225575051661188e+00
3.670716497208521834e-02 1.889141092682327661e-01 5.477225575051661188e+00
3.680416522316848349e-02 1.910473774135774405e-01 5.477225575051661188e+00
3.690142180155779605e-02 1.932615727453770860e-01 5.477225575051661188e+00
3.699893538460902881e-02 1.973849717959786088e-01 5.477225575051661188e+00
3.709670665146795610e-02 2.024576276171679012e-01 5.477225575051661188e+00
3.719473628307504859e-02 2.067972883822074559e-01 5.477225575051661188e+00
3.729302496217020563e-02 2.102725885851242094e-01 5.477225575051661188e+00
3.739157337329745284e-02 2.180118191240003334e-01 5.477225575051661188e+00
3.749038220280980632e-02 2.238444357630742232e-01 5.477225575051661188e+00
3.758945213887392861e-02 2.316901595151028281e-01 5.477225575051661188e+00
3.768878387147506226e-02 2.394091982645026873e-01 5.477225575051661188e+00
3.778837809242174828e-02 2.485231097701547931e-01 5.477225575051661188e+00
3.788823549535061397e-02 2.580457579243068400e-01 5.477225575051661188e+00
3.798835677573131342e-02 2.689013785596769956e-01 5.477225575051661188e+00
3.808874263087128759e-02 2.784771119244098814e-01 5.477225575051661188e+00
3.818939375992060070e-02 2.930578813272375904e-01 5.477225575051661188e+00
3.829031086387694321e-02 3.100413434353043174e-01 5.477225575051661188e+00
3.839149464559030861e-02 3.226319281914462045e-01 5.477225575051661188e+00
3.849294580976810043e-02 3.395203608487040725e-01 5.477225575051661188e+00
3.859466506297987154e-02 3.501042471288121072e-01 5.477225575051661188e+00
3.869665311366234789e-02 3.780456575338947967e-01 5.477225575051661188e+00
3.879891067212435513e-02 3.996951452428433860e-01 5.477225575051661188e+00
3.890143845055167582e-02 4.236936825298134313e-01 5.477225575051661188e+00
3.900423716301210791e-02 4.505390759584687044e-01 5.477225575051661188e+00
3.910730752546044686e-02 5.007274339333035451e-01 5.477225575051661188e+00
3.921065025574334284e-02 5.271409806673550413e-01 5.477225575051661188e+00
3.931426607360445635e-02 5.329978876718491909e-01 5.477225575051661188e+00
3.941815570068935015e-02 5.635538810015412459e-01 5.477225575051661188e+00
3.952231986055059626e-02 5.964526493525922346e-01 5.477225575051661188e+00
3.962675927865282749e-02 6.332969176421870960e-01 5.477225575051661188e+00
3.973147468237762936e-02 6.628048398802450780e-01 5.477225575051661188e+00
3.983646680102886223e-02 6.934022305600698877e-01 5.477225575051661188e+00
3.994173636583747689e-02 7.111145811510493076e-01 5.477225575051661188e+00
4.004728410996682975e-02 7.475780503194142668e-01 5.477225575051661188e+00
4.015311076851766497e-02 7.685347620715541339e-01 5.477225575051661188e+00
4.025921707853320763e-02 6.634567781032986167e-01 5.477225575051661188e+00
4.036560377900445112e-02 8.063419700510020549e-01 5.477225575051661188e+00
4.047227161087511155e-02 8.097260664574206235e-01 5.477225575051661188e+00
4.057922131704691515e-02 6.733471500897647566e-01 5.477225575051661188e+00
4.068645364238477474e-02 8.024831514864175785e-01 5.477225575051661188e+00
4.079396933372187589e-02 7.983467364732880212e-01 5.477225575051661188e+00
4.090176913986499213e-02 7.847980948293448167e-01 5.477225575051661188e+00
4.100985381159960586e-02 7.615729753259520285e-01 5.477225575051661188e+00
4.111822410169523739e-02 7.422946489544298698e-01 5.477225575051661188e+00
4.122688076491060061e-02 7.180582198724425602e-01 5.477225575051661188e+00
4.133582455799886951e-02 6.845338086769490182e-01 5.477225575051661188e+00
4.144505623971301428e-02 6.573607841675106478e-01 5.477225575051661188e+00
4.155457657081103318e-02 6.245572169189892442e-01 5.477225575051661188e+00
4.166438631406122611e-02 5.949529558342742108e-01 5.477225575051661188e+00
4.177448623424759311e-02 5.666765212055520085e-01 5.477225575051661188e+00
4.188487709817504540e-02 5.435690676552855649e-01 5.477225575051661188e+00
4.199555967467488715e-02 5.129394378632468054e-01 5.477225575051661188e+00
4.210653473460999885e-02 4.865893390265965679e-01 5.477225575051661188e+00
4.221780305088038143e-02 4.624082760428380734e-01 5.477225575051661188e+00
4.232936539842843682e-02 4.353472363312816951e-01 5.477225575051661188e+00
4.244122255424433166e-02 4.153419388346836771e-01 5.477225575051661188e+00
4.255337529737153457e-02 3.941042291932771446e-01 5.477225575051661188e+00
4.266582440891215217e-02 3.864644858264214000e-01 5.477225575051661188e+00
4.277857067203233443e-02 3.641649679894780611e-01 5.477225575051661188e+00
4.289161487196785361e-02 3.488355359829230506e-01 5.477225575051661188e+00
4.300495779602944713e-02 3.338030756620579687e-01 5.477225575051661188e+00
4.311860023360836874e-02 3.211929259796267866e-01 5.477225575051661188e+00
4.323254297618192576e-02 3.087671155650682508e-01 5.477225575051661188e+00
4.334678681731884281e-02 2.986786671691553652e-01 5.477225575051661188e+00
4.346133255268495865e-02 2.857968163789178506e-01 5.477225575051661188e+00
4.357618098004864549e-02 2.753731983314124387e-01 5.477225575051661188e+00
4.369133289928644331e-02 2.674271892885562441e-01 5.477225575051661188e+00
4.380678911238861800e-02 2.582746970722142876e-01 5.477225575051661188e+00
4.392255042346464994e-02 2.518911559817842982e-01 5.477225575051661188e+00
4.403861763874900026e-02 2.502663035763766919e-01 5.477225575051661188e+00
4.415499156660661340e-02 2.363740489029427516e-01 5.477225575051661188e+00
4.427167301753852369e-02 2.306941968584353686e-01 5.477225575051661188e+00
4.438866280418762855e-02 2.260805721946206603e-01 5.477225575051661188e+00
4.450596174134418409e-02 2.198001436930705210e-01 5.477225575051661188e+00
4.462357064595166845e-02 2.152358101035025117e-01 5.477225575051661188e+00
4.474149033711224271e-02 2.110214600075400182e-01 5.477225575051661188e+00
4.485972163609268371e-02 2.082501041765693062e-01 5.477225575051661188e+00
4.497826536632998362e-02 2.617451860408497311e-01 5.477225575051661188e+00
4.509712235343702608e-02 1.996650046507069398e-01 5.477225575051661188e+00
4.521629342520850497e-02 1.968896903775955443e-01 5.477225575051661188e+00
4.533577941162655889e-02 1.947389547855935821e-01 5.477225575051661188e+00
4.545558114486657891e-02 1.925055371079625044e-01 5.477225575051661188e+00
4.557569945930304428e-02 1.905394409273074574e-01 5.477225575051661188e+00
4.569613519151524694e-02 1.888464174785478566e-01 5.477225575051661188e+00
4.581688918029325208e-02 1.854701121530312746e-01 5.477225575051661188e+00
4.593796226664362964e-02 1.843056156278597424e-01 5.477225575051661188e+00
4.605935529379531768e-02 1.848809470434408797e-01 5.477225575051661188e+00
4.618106910720556901e-02 1.836394620381852361e-01 5.477225575051661188e+00
4.630310455456574520e-02 1.837436532362910213e-01 5.477225575051661188e+00
4.642546248580730478e-02 1.832293569323293070e-01 5.477225575051661188e+00
4.654814375310770830e-02 1.830941125987350926e-01 5.477225575051661188e+00
4.667114921089625390e-02 1.902391203998499147e-01 5.477225575051661188e+00
4.679447971586016969e-02 1.844360919832116474e-01 5.477225575051661188e+00
4.691813612695051872e-02 1.847449708804679291e-01 5.477225575051661188e+00
4.704211930538812481e-02 1.857080070288493479e-01 5.477225575051661188e+00
4.716643011466969265e-02 1.855507099783181291e-01 5.477225575051661188e+00
4.729106942057367813e-02 1.887729688290933350e-01 5.477225575051661188e+00
4.741603809116648471e-02 1.901887440243095195e-01 5.477225575051661188e+00
4.754133699680830605e-02 1.919175549853548990e-01 5.477225575051661188e+00
4.766696701015941257e-02 1.894498663212658973e-01 5.477225575051661188e+00
4.779292900618606343e-02 1.961643334207762157e-01 5.477225575051661188e+00
4.791922386216662666e-02 1.994382271062474510e-01 5.477225575051661188e+00
4.804585245769776164e-02 2.039831863279718271e-01 5.477225575051661188e+00
4.817281567470051845e-02 2.035644662297098340e-01 5.477225575051661188e+00
4.830011439742636081e-02 2.095726546118090450e-01 5.477225575051661188e+00
4.842774951246354986e-02 2.154158308704690883e-01 5.477225575051661188e+00
4.855572190874308386e-02 2.190217404251184885e-01 5.477225575051661188e+00
4.868403247754508195e-02 2.236639047570281591e-01 5.477225575051661188e+00
4.881268211250488348e-02 2.289946541281702441e-01 5.477225575051661188e+00
4.894167170961925828e-02 2.344412258141019556e-01 5.477225575051661188e+00
4.907100216725275577e-02 2.316414696598325662e-01 5.477225575051661188e+00
4.920067438614381811e-02 3.554848224103740462e-01 5.477225575051661188e+00
4.933068926941117788e-02 2.543196473032928728e-01 5.477225575051661188e+00
4.946104772256011695e-02 2.616354347419708737e-01 5.477225575051661188e+00
4.959175065348866290e-02 2.699980766895642148e-01 5.477225575051661188e+00
4.972279897249408387e-02 2.794986770477562166e-01 5.477225575051661188e+00
4.985419359227916125e-02 3.353075293763514431e-01 5.477225575051661188e+00
4.998593542795842781e-02 2.982597489467822549e-01 5.477225575051661188e+00
5.011802539706478044e-02 3.094816637684841276e-01 5.477225575051661188e+00
5.025046441955560023e-02 3.221285959900125895e-01 5.477225575051661188e+00
5.038325341781941386e-02 3.317891532348830053e-01 5.477225575051661188e+00
5.051639331668211774e-02 3.453968803425693235e-01 5.477225575051661188e+00
5.064988504341352837e-02 3.592122451852347020e-01 5.477225575051661188e+00
5.078372952773387017e-02 3.736856269568381572e-01 5.477225575051661188e+00
5.091792770182004824e-02 3.993818464869549056e-01 5.477225575051661188e+00
5.105248050031243462e-02 4.048613195381645657e-01 5.477225575051661188e+00
5.118738886032116880e-02 4.219889719997161337e-01 5.477225575051661188e+00
5.132265372143270804e-02 4.398971038933026101e-01 5.477225575051661188e+00
5.145827602571645398e-02 3.910421058051554710e-01 5.477225575051661188e+00
5.159425671773129607e-02 4.779311372105742861e-01 5.477225575051661188e+00
5.173059674453207857e-02 4.976278261834671812e-01 5.477225575051661188e+00
5.186729705567630355e-02 5.199244421814114281e-01 5.477225575051661188e+00
5.200435860323074366e-02 5.469848365231027021e-01 5.477225575051661188e+00
5.214178234177808263e-02 5.582481602895262851e-01 5.477225575051661188e+00
5.227956922842343784e-02 5.835546625511002228e-01 5.477225575051661188e+00
5.241772022280118820e-02 6.056716241838948633e-01 5.477225575051661188e+00
5.255623628708157996e-02 6.211422888509935403e-01 5.477225575051661188e+00
5.269511838597738806e-02 6.404419180292145741e-01 5.477225575051661188e+00
5.283436748675073014e-02 6.588064625108327466e-01 5.477225575051661188e+00
5.297398455921977639e-02 6.759445850633560848e-01 5.477225575051661188e+00
5.311397057576539016e-02 6.896140157165665530e-01 5.477225575051661188e+00
5.325432651133809453e-02 7.030304092077783729e-01 5.477225575051661188e+00
5.339505334346468512e-02 6.978461797443415993e-01 5.477225575051661188e+00
5.353615205225518286e-02 6.370761591485614161e-01 5.477225575051661188e+00
5.367762362040949531e-02 7.288432124341124307e-01 5.477225575051661188e+00
5.381946903322445269e-02 7.282744150343403167e-01 5.477225575051661188e+00
5.396168927860055947e-02 7.298561484737861038e-01 5.477225575051661188e+00
5.410428534704881526e-02 7.270263763644796429e-01 5.477225575051661188e+00
5.424725823169776473e-02 7.211210669466430190e-01 5.477225575051661188e+00
5.439060892830033245e-02 7.128100616862652616e-01 5.477225575051661188e+00
5.453433843524069236e-02 6.925654547847331921e-01 5.477225575051661188e+00
5.467844775354136627e-02 6.911256294957823787e-01 5.477225575051661188e+00
5.482293788687012809e-02 6.783004603166101765e-01 5.477225575051661188e+00
5.496780984154689409e-02 6.612069285740712621e-01 5.477225575051661188e+00
5.511306462655091165e-02 6.444186990408586890e-01 5.477225575051661188e+00
5.525870325352764956e-02 6.276089836120738452e-01 5.477225575051661188e+00
5.540472673679594506e-02 6.091958554576375473e-01 5.477225575051661188e+00
5.555113609335496361e-02 5.914252699171917982e-01 5.477225575051661188e+00
5.569793234289134587e-02 5.766128694358335638e-01 5.477225575051661188e+00
5.584511650778635483e-02 5.546914154757653925e-01 5.477225575051661188e+00
5.599268961312283549e-02 5.365943219742009829e-01 5.477225575051661188e+00
5.614065268669254927e-02 5.191147102029083360e-01 5.477225575051661188e+00
5.628900675900318923e-02 5.020145413783243526e-01 5.477225575051661188e+00
5.643775286328563123e-02 4.845415772668675847e-01 5.477225575051661188e+00
5.658689203550112262e-02 4.641092901417807615e-01 5.477225575051661188e+00
5.673642531434842234e-02 4.520733777503614936e-01 5.477225575051661188e+00
5.688635374127117700e-02 4.364677915644870621e-01 5.477225575051661188e+00
5.703667836046504014e-02 4.225057535133537323e-01 5.477225575051661188e+00
5.718740021888497893e-02 4.093040395970239387e-01 5.477225575051661188e+00
5.733852036625265713e-02 3.955094530265948483e-01 5.477225575051661188e+00
5.749003985506359604e-02 3.831688964307729539e-01 5.477225575051661188e+00
5.764195974059462685e-02 3.713931540210455573e-01 5.477225575051661188e+00
5.779428108091119037e-02 3.595694640690944577e-01 5.477225575051661188e+00
5.794700493687467147e-02 3.489074205557448627e-01 5.477225575051661188e+00
5.810013237214989995e-02 3.390518277818916348e-01 5.477225575051661188e+00
5.825366445321241565e-02 3.288109424319857199e-01 5.477225575051661188e+00
5.840760224935601097e-02 3.196082020204393803e-01 5.477225575051661188e+00
5.856194683270008611e-02 3.108316950987182747e-01 5.477225575051661188e+00
5.871669927819719859e-02 3.022884262178924253e-01 5.477225575051661188e+00
5.887186066364052950e-02 2.950586491652150700e-01 5.477225575051661188e+00
5.902743206967133588e-02 2.870466265565712605e-01 5.477225575051661188e+00
5.918341457978652104e-02 2.803899043098810329e-01 5.477225575051661188e+00
5.933980928034621877e-02 2.814353011997819953e-01 5.477225575051661188e+00
5.949661726058123185e-02 2.677099298850905695e-01 5.477225575051661188e+00
5.965383961260079665e-02 2.614746560420093124e-01 5.477225575051661188e+00
5.981147743140002165e-02 2.562916448650388035e-01 5.477225575051661188e+00
5.996953181486762430e-02 2.522889131061401002e-01 5.477225575051661188e+00
6.012800386379355683e-02 2.460931421092850679e-01 5.477225575051661188e+00
6.028689468187657663e-02 2.414220871553134917e-01 5.477225575051661188e+00
6.044620537573210800e-02 2.371461688877786189e-01 5.477225575051661188e+00
6.060593705489979166e-02 2.332715920002284282e-01 5.477225575051661188e+00
6.076609083185129101e-02 2.294050809856828521e-01 5.477225575051661188e+00
6.092666782199807063e-02 2.253076738487806152e-01 5.477225575051661188e+00
6.108766914369900131e-02 2.222035087235812167e-01 5.477225575051661188e+00
6.124909591826839528e-02 2.191060936226658928e-01 5.477225575051661188e+00
6.141094926998359738e-02 2.161578113310952398e-01 5.477225575051661188e+00
6.157323032609293700e-02 2.133040811946884940e-01 5.477225575051661188e+00
6.173594021682354827e-02 2.107002822663504860e-01 5.477225575051661188e+00
6.189908007538923868e-02 2.087758463427140943e-01 5.477225575051661188e+00
6.206265103799835786e-02 2.062870914532502764e-01 5.477225575051661188e+00
6.222665424386176342e-02 2.039752377884197498e-01 5.477225575051661188e+00
6.239109083520069654e-02 2.024021893186518928e-01 5.477225575051661188e+00
6.255596195725481035e-02 2.005867643779477016e-01 5.477225575051661188e+00
6.272126875829006631e-02 1.986467729875156518e-01 5.477225575051661188e+00
6.288701238960676954e-02 1.975395203429928803e-01 5.477225575051661188e+00
6.305319400554762477e-02 1.962335057973069730e-01 5.477225575051661188e+00
6.321981476350566065e-02 1.952225422171258995e-01 5.477225575051661188e+00
6.338687582393244535e-02 1.920722600589178652e-01 5.477225575051661188e+00
6.355437835034603855e-02 1.934569262793599531e-01 5.477225575051661188e+00
6.372232350933916545e-02 1.927862204473806684e-01 5.477225575051661188e+00
6.389071247058736303e-02 1.921791160207585447e-01 5.477225575051661188e+00
6.405954640685697365e-02 1.918578440574869870e-01 5.477225575051661188e+00
6.422882649401354116e-02 1.905464239909030189e-01 5.477225575051661188e+00
6.439855391102983218e-02 1.913648320856174423e-01 5.477225575051661188e+00
6.456872983999407956e-02 1.947146031899645580e-01 5.477225575051661188e+00
6.473935546611830905e-02 1.914743772161220103e-01 5.477225575051661188e+00
6.491043197774640228e-02 1.919559193117636176e-01 5.477225575051661188e+00
6.508196056636263160e-02 1.921749976620460987e-01 5.477225575051661188e+00
6.525394242659970923e-02 1.927098040035258864e-01 5.477225575051661188e+00
6.542637875624722488e-02 1.935934874715463661e-01 5.477225575051661188e+00
6.559927075626005577e-02 1.946128930034154991e-01 5.477225575051661188e+00
6.577261963076658224e-02 1.952687112081351040e-01 5.477225575051661188e+00
6.594642658707715321e-02 1.962513292961297062e-01 5.477225575051661188e+00
6.612069283569252387e-02 1.978526798065279313e-01 5.477225575051661188e+00
6.629541959031219622e-02 1.989908374133615709e-01 5.477225575051661188e+00
6.647060806784296783e-02 2.004123173628484522e-01 5.477225575051661188e+00
6.664625948840735559e-02 2.021897828485759718e-01 5.477225575051661188e+00
6.682237507535206122e-02 2.040633725463682491e-01 5.477225575051661188e+00
6.699895605525664488e-02 2.060741275903552605e-01 5.477225575051661188e+00
6.717600365794179629e-02 2.083534906890535665e-01 5.477225575051661188e+00
6.735351911647817491e-02 2.105679512274206688e-01 5.477225575051661188e+00
6.753150366719487541e-02 2.134416718315824413e-01 5.477225575051661188e+00
6.770995854968794858e-02 2.160200442414642319e-01 5.477225575051661188e+00
6.788888500682929705e-02 2.189495015704309711e-01 5.477225575051661188e+00
6.806828428477496029e-02 2.223019899774403008e-01 5.477225575051661188e+00
6.824815763297417681e-02 2.255661821242286591e-01 5.477225575051661188e+00
6.842850630417783575e-02 2.288955480994968317e-01 5.477225575051661188e+00
6.860933155444723375e-02 2.326281907596002008e-01 5.477225575051661188e+00
6.879063464316295673e-02 2.367570208194030301e-01 5.477225575051661188e+00
6.897241683303347026e-02 2.409021266166217756e-01 5.477225575051661188e+00
6.915467939010404297e-02 2.454354294075691001e-01 5.477225575051661188e+00
6.933742358376553117e-02 2.502579185848402554e-01 5.477225575051661188e+00
6.952065068676316351e-02 2.550286305238029239e-01 5.477225575051661188e+00
6.970436197520551991e-02 2.604498040807011194e-01 5.477225575051661188e+00
6.988855872857330231e-02 2.661135017203153375e-01 5.477225575051661188e+00
7.007324222972829975e-02 2.722529236350919590e-01 5.477225575051661188e+00
7.025841376492233947e-02 2.780744680698224447e-01 5.477225575051661188e+00
7.044407462380619656e-02 2.846022847328342209e-01 5.477225575051661188e+00
7.063022609943864216e-02 2.915300399106192097e-01 5.477225575051661188e+00
7.081686948829538086e-02 2.985130285505671610e-01 5.477225575051661188e+00
7.100400609027809895e-02 3.082677890508483398e-01 5.477225575051661188e+00
7.119163720872358214e-02 3.139519262890080320e-01 5.477225575051661188e+00
7.137976415041263900e-02 3.219111876387431570e-01 5.477225575051661188e+00
7.156838822557942681e-02 3.303779059440202781e-01 5.477225575051661188e+00
7.175751074792037498e-02 3.398741861216196258e-01 5.477225575051661188e+00
7.194713303460338605e-02 3.493038026497719550e-01 5.477225575051661188e+00
7.213725640627716151e-02 3.589978509227038650e-01 5.477225575051661188e+00
7.232788218708011141e-02 3.692514967936415538e-01 5.477225575051661188e+00
7.251901170464984669e-02 3.801805589491393245e-01 5.477225575051661188e+00
7.271064629013228309e-02 3.917401045535632287e-01 5.477225575051661188e+00
7.290278727819095306e-02 4.023298819199701559e-01 5.477225575051661188e+00
7.309543600701630395e-02 4.151583379566191057e-01 5.477225575051661188e+00
7.328859381833495446e-02 4.276973998937326771e-01 5.477225575051661188e+00
7.348226205741917316e-02 4.409863646150223304e-01 5.477225575051661188e+00
7.367644207309612114e-02 4.538308482313621606e-01 5.477225575051661188e+00
7.387113521775728886e-02 4.674092531398846839e-01 5.477225575051661188e+00
7.406634284736797469e-02 4.812377286505103990e-01 5.477225575051661188e+00
7.426206632147655529e-02 4.957649805130028287e-01 5.477225575051661188e+00
7.445830700322420004e-02 5.107659805006907749e-01 5.477225575051661188e+00
7.465506625935415530e-02 5.255732916179061132e-01 5.477225575051661188e+00
7.485234546022138946e-02 5.403678290837047316e-01 5.477225575051661188e+00
7.505014597980209923e-02 5.645842332497447158e-01 5.477225575051661188e+00
7.524846919570318815e-02 5.720662937448424135e-01 5.477225575051661188e+00
7.544731648917206435e-02 5.863576613696581674e-01 5.477225575051661188e+00
7.564668924510604964e-02 6.016235120222724886e-01 5.477225575051661188e+00
7.584658885206214951e-02 6.164089638959893147e-01 5.477225575051661188e+00
7.604701670226671206e-02 6.336077490606430995e-01 5.477225575051661188e+00
7.624797419162505918e-02 6.449586468397214833e-01 5.477225575051661188e+00
7.644946271973127039e-02 6.587198260958084806e-01 5.477225575051661188e+00
7.665148368987796668e-02 6.657113246249034555e-01 5.477225575051661188e+00
7.685403850906588619e-02 6.840881637200576515e-01 5.477225575051661188e+00
7.705712858801401499e-02 6.954026980748608811e-01 5.477225575051661188e+00
7.726075534116906562e-02 7.060284734901306480e-01 5.477225575051661188e+00
7.746492018671556623e-02 7.156972944821796689e-01 5.477225575051661188e+00
7.766962454658565829e-02 7.234002285140477273e-01 5.477225575051661188e+00
7.787486984646896371e-02 7.298665207673189492e-01 5.477225575051661188e+00
7.808065751582256298e-02 7.352252455197207937e-01 5.477225575051661188e+00
7.828698898788097327e-02 7.393336097580822663e-01 5.477225575051661188e+00
7.849386569966604332e-02 7.423017806657078443e-01 5.477225575051661188e+00
7.870128909199705647e-02 7.431884331074022354e-01 5.477225575051661188e+00
7.890926060950065324e-02 7.431852551344273472e-01 5.477225575051661188e+00
7.911778170062107318e-02 7.413676316016757362e-01 5.477225575051661188e+00
7.932685381763003585e-02 7.393515418872032008e-01 5.477225575051661188e+00
7.953647841663698259e-02 7.340162676889360194e-01 5.477225575051661188e+00
7.974665695759919348e-02 7.282395055417727470e-01 5.477225575051661188e+00
7.995739090433195972e-02 7.215294203713118470e-01 5.477225575051661188e+00
8.016868172451872832e-02 7.136077313847264403e-01 5.477225575051661188e+00
8.038053088972138549e-02 7.048276587022526130e-01 5.477225575051661188e+00
8.059293987539047077e-02 6.953673760780206825e-01 5.477225575051661188e+00
8.080591016087551592e-02 6.849807287157551050e-01 5.477225575051661188e+00
8.101944322943520349e-02 6.808288949573632065e-01 5.477225575051661188e+00
8.123354056824787228e-02 6.627906425519802802e-01 5.477225575051661188e+00
8.144820366842178694e-02 6.506517707431659359e-01 5.477225575051661188e+00
8.166343402500544912e-02 6.380987236997253120e-01 5.477225575051661188e+00
8.187923313699820016e-02 6.249174752801039956e-01 5.477225575051661188e+00
8.209560250736046283e-02 6.117487023088429288e-01 5.477225575051661188e+00
8.231254364302433013e-02 5.987688316555916934e-01 5.477225575051661188e+00
8.253005805490408464e-02 5.858260258552567823e-01 5.477225575051661188e+00
8.274814725790652359e-02 5.727156653192296831e-01 5.477225575051661188e+00
8.296681277094181128e-02 5.600729145003783271e-01 5.477225575051661188e+00
8.318605611693380419e-02 5.471249566017242216e-01 5.477225575051661188e+00
8.340587882283070909e-02 5.339548193318821578e-01 5.477225575051661188e+00
8.362628241961592157e-02 5.221980593450187280e-01 5.477225575051661188e+00
8.384726844231832343e-02 5.092275104644705674e-01 5.477225575051661188e+00
8.406883843002334322e-02 4.971643772431184605e-01 5.477225575051661188e+00
8.429099392588339235e-02 4.861930984235111608e-01 5.477225575051661188e+00
8.451373647712878689e-02 4.741407661851167465e-01 5.477225575051661188e+00
8.473706763507848905e-02 4.629124017850697603e-01 5.477225575051661188e+00
8.496098895515083460e-02 4.520880857333963165e-01 5.477225575051661188e+00
8.518550199687439928e-02 4.413817744741159732e-01 5.477225575051661188e+00
8.541060832389896218e-02 4.312475425867230427e-01 5.477225575051661188e+00
8.563630950400623332e-02 4.212142283450136526e-01 5.477225575051661188e+00
8.586260710912091421e-02 4.117805628897935333e-01 5.477225575051661188e+00
8.608950271532157805e-02 4.024797915408740434e-01 5.477225575051661188e+00
8.631699790285156382e-02 3.939162284544476256e-01 5.477225575051661188e+00
8.654509425613023110e-02 3.846362747941481919e-01 5.477225575051661188e+00
8.677379336376365992e-02 3.765451977695741248e-01 5.477225575051661188e+00
8.700309681855601662e-02 3.681811282240704530e-01 5.477225575051661188e+00
8.723300621752047568e-02 3.598860720152048387e-01 5.477225575051661188e+00
8.746352316189037746e-02 3.526127711345404259e-01 5.477225575051661188e+00
8.769464925713041370e-02 3.454428359972869789e-01 5.477225575051661188e+00
8.792638611294778528e-02 3.385152738289730623e-01 5.477225575051661188e+00
8.815873534330338768e-02 3.317223457456100477e-01 5.477225575051661188e+00
8.839169856642307976e-02 3.255817303285388209e-01 5.477225575051661188e+00
8.862527740480898031e-02 3.184388353862477317e-01 5.477225575051661188e+00
8.885947348525070899e-02 3.129011140606690056e-01 5.477225575051661188e+00
8.909428843883675231e-02 3.071181944885850168e-01 5.477225575051661188e+00
8.932972390096584336e-02 3.010537506732856583e-01 5.477225575051661188e+00
8.956578151135832777e-02 2.959404764277971389e-01 5.477225575051661188e+00
8.980246291406748793e-02 2.911020719080287811e-01 5.477225575051661188e+00
9.003976975749122813e-02 2.857840931463169198e-01 5.477225575051661188e+00
9.027770369438331555e-02 2.809245422318009111e-01 5.477225575051661188e+00
9.051626638186505147e-02 2.764702758849272857e-01 5.477225575051661188e+00
9.075545948143669273e-02 2.721282469730376130e-01 5.477225575051661188e+00
9.099528465898908125e-02 2.673194546495519797e-01 5.477225575051661188e+00
9.123574358481534308e-02 2.635677539813414683e-01 5.477225575051661188e+00
9.147683793362233751e-02 2.592937280660271293e-01 5.477225575051661188e+00
9.171856938454239772e-02 2.553342403010890882e-01 5.477225575051661188e+00
9.196093962114507137e-02 2.516918156911443494e-01 5.477225575051661188e+00
9.220395033144884733e-02 2.481238602369636170e-01 5.477225575051661188e+00
9.244760320793279917e-02 2.445325400940123739e-01 5.477225575051661188e+00
9.269189994754847839e-02 2.413259534393779604e-01 5.477225575051661188e+00
9.293684225173172442e-02 2.381171496707818747e-01 5.477225575051661188e+00
9.318243182641444688e-02 2.349232429406854228e-01 5.477225575051661188e+00
9.342867038203662988e-02 2.319891406637649700e-01 5.477225575051661188e+00
9.367555963355808646e-02 2.295259948769338143e-01 5.477225575051661188e+00
9.392310130047054617e-02 2.267593883701743973e-01 5.477225575051661188e+00
9.417129710680953447e-02 2.238850098057408311e-01 5.477225575051661188e+00
9.442014878116637699e-02 2.212412661395349867e-01 5.477225575051661188e+00
9.466965805670037037e-02 2.190556916190644632e-01 5.477225575051661188e+00
9.491982667115071715e-02 2.165631191860222793e-01 5.477225575051661188e+00
9.517065636684865493e-02 2.142685538206411944e-01 5.477225575051661188e+00
9.542214889072954398e-02 2.120763495696739720e-01 5.477225575051661188e+00
9.567430599434527394e-02 2.101329714180723007e-01 5.477225575051661188e+00
9.592712943387611546e-02 2.079705529434842382e-01 5.477225575051661188e+00
9.618062097014319634e-02 2.061545715839617210e-01 5.477225575051661188e+00
9.643478236862065844e-02 2.043172657120482238e-01 5.477225575051661188e+00
9.668961539944799510e-02 2.026805877930471789e-01 5.477225575051661188e+00
9.694512183744240230e-02 2.010457184780925777e-01 5.477225575051661188e+00
9.720130346211107442e-02 1.992421045259689383e-01 5.477225575051661188e+00
9.745816205766361096e-02 1.977254552675180299e-01 5.477225575051661188e+00
9.771569941302450657e-02 1.962856366939484953e-01 5.477225575051661188e+00
9.797391732184550228e-02 1.948017589390329818e-01 5.477225575051661188e+00
9.823281758251825591e-02 1.935452695910026277e-01 5.477225575051661188e+00
9.849240199818659613e-02 1.944145061047552470e-01 5.477225575051661188e+00
9.875267237675937337e-02 1.910914560419318953e-01 5.477225575051661188e+00
9.901363053092282485e-02 1.898517445619649080e-01 5.477225575051661188e+00
9.927527827815332828e-02 1.885462003008488152e-01 5.477225575051661188e+00
9.953761744073004458e-02 1.876944691482749228e-01 5.477225575051661188e+00
9.980064984574751885e-02 1.868094640370343007e-01 5.477225575051661188e+00
1.000643773251285035e-01 1.859579759525739340e-01 5.477225575051661188e+00
1.003288017156366979e-01 1.851978449588760067e-01 5.477225575051661188e+00
1.005939248588895440e-01 1.842503406762711904e-01 5.477225575051661188e+00
1.008597486013709799e-01 1.835765695347910398e-01 5.477225575051661188e+00
1.011262747944444151e-01 1.828288902241580749e-01 5.477225575051661188e+00
1.013935052943654713e-01 1.820849059346970611e-01 5.477225575051661188e+00
1.016614419622951515e-01 1.814853007306144461e-01 5.477225575051661188e+00
1.019300866643125525e-01 1.804840339416225459e-01 5.477225575051661188e+00
1.021994412714279932e-01 1.805161899600429831e-01 5.477225575051661188e+00
1.024695076595959903e-01 1.800952849331945438e-01 5.477225575051661188e+00
1.027402877097283590e-01 1.798440428588572448e-01 5.477225575051661188e+00
1.030117833077073691e-01 1.793345809042966588e-01 5.477225575051661188e+00
1.032839963443987347e-01 1.792034317386405617e-01 5.477225575051661188e+00
1.035569287156649088e-01 1.790662326465340681e-01 5.477225575051661188e+00
1.038305823223781982e-01 1.788191980607306830e-01 5.477225575051661188e+00
1.041049590704340722e-01 1.787038031976760921e-01 5.477225575051661188e+00
1.043800608707644573e-01 1.785439193466576424e-01 5.477225575051661188e+00
1.046558896393509352e-01 1.784035934605658902e-01 5.477225575051661188e+00
1.049324472972381350e-01 1.784843417458666925e-01 5.477225575051661188e+00
1.052097357705471942e-01 1.786084886570536157e-01 5.477225575051661188e+00
1.054877569904890677e-01 1.787060312649997318e-01 5.477225575051661188e+00
1.057665128933780313e-01 1.789216402288914265e-01 5.477225575051661188e+00
1.060460054206451425e-01 1.790866861439223412e-01 5.477225575051661188e+00
1.063262365188517855e-01 1.796214860953389836e-01 5.477225575051661188e+00
1.066072081397031746e-01 1.796970490281140087e-01 5.477225575051661188e+00
1.068889222400620925e-01 1.801287050405733225e-01 5.477225575051661188e+00
1.071713807819622971e-01 1.805702355353697719e-01 5.477225575051661188e+00
1.074545857326223708e-01 1.812362992461117872e-01 5.477225575051661188e+00
1.077385390644593072e-01 1.815658036609654746e-01 5.477225575051661188e+00
1.080232427551023749e-01 1.820121548467558692e-01 5.477225575051661188e+00
1.083086987874067458e-01 1.829027340551624137e-01 5.477225575051661188e+00
1.085949091494673863e-01 1.832398994527370262e-01 5.477225575051661188e+00
1.088818758346328935e-01 1.843129451238082195e-01 5.477225575051661188e+00
1.091696008415193320e-01 1.851151601605162955e-01 5.477225575051661188e+00
1.094580861740243188e-01 1.859621586850423169e-01 5.477225575051661188e+00
1.097473338413407218e-01 1.864763528454112529e-01 5.477225575051661188e+00
1.100373458579708419e-01 1.879220401249555861e-01 5.477225575051661188e+00
1.103281242437403886e-01 1.890140216798595618e-01 5.477225575051661188e+00
1.106196710238124964e-01 1.899827497988682001e-01 5.477225575051661188e+00
1.109119882287020048e-01 1.913527644245130444e-01 5.477225575051661188e+00
1.112050778942893503e-01 1.924406326522312971e-01 5.477225575051661188e+00
1.114989420618349297e-01 1.939475992756966860e-01 5.477225575051661188e+00
1.117935827779932279e-01 1.954210504379783053e-01 5.477225575051661188e+00
1.120890020948271254e-01 1.967541642895576648e-01 5.477225575051661188e+00
1.123852020698221793e-01 1.989207313561560386e-01 5.477225575051661188e+00
1.126821847659008891e-01 2.000352191570712868e-01 5.477225575051661188e+00
1.129799522514371712e-01 2.016017175674286177e-01 5.477225575051661188e+00
1.132785066002706398e-01 2.032702975555364389e-01 5.477225575051661188e+00
1.135778498917212331e-01 2.052203032934792892e-01 5.477225575051661188e+00
1.138779842106034390e-01 2.072371451920052010e-01 5.477225575051661188e+00
1.141789116472410881e-01 2.091228775182077115e-01 5.477225575051661188e+00
1.144806342974816621e-01 2.112977872784262690e-01 5.477225575051661188e+00
1.147831542627111151e-01 2.134486869334949466e-01 5.477225575051661188e+00
1.150864736498683483e-01 2.157111475876037632e-01 5.477225575051661188e+00
1.153905945714599202e-01 2.180621718421586475e-01 5.477225575051661188e+00
1.156955191455748266e-01 2.205026836742137175e-01 5.477225575051661188e+00
1.160012494958991558e-01 2.231729026011118333e-01 5.477225575051661188e+00
1.163077877517309927e-01 2.261582531168035148e-01 5.477225575051661188e+00
1.166151360479951299e-01 2.287640281947578569e-01 5.477225575051661188e+00
1.169232965252579998e-01 2.315930851386182043e-01 5.477225575051661188e+00
1.172322713297425795e-01 2.347417288610286756e-01 5.477225575051661188e+00
1.175420626133432817e-01 2.377033746412606785e-01 5.477225575051661188e+00
1.178526725336411229e-01 2.409745884113739522e-01 5.477225575051661188e+00
1.181641032539185038e-01 2.443604885757564293e-01 5.477225575051661188e+00
1.184763569431744185e-01 2.477350774919098719e-01 5.477225575051661188e+00
1.187894357761394987e-01 2.513333655245646447e-01 5.477225575051661188e+00
1.191033419332913068e-01 2.553240799607480738e-01 5.477225575051661188e+00
1.194180776008693101e-01 2.589065398720976074e-01 5.477225575051661188e+00
1.197336449708902434e-01 2.631620290682104013e-01 5.477225575051661188e+00
1.200500462411633051e-01 2.671849904844604828e-01 5.477225575051661188e+00
1.203672836153055065e-01 2.715563447795908414e-01 5.477225575051661188e+00
1.206853593027571031e-01 2.764580808895512609e-01 5.477225575051661188e+00
1.210042755187967917e-01 2.810790746228320480e-01 5.477225575051661188e+00
1.213240344845572249e-01 2.859939028677802031e-01 5.477225575051661188e+00
1.216446384270405551e-01 2.911133940498552564e-01 5.477225575051661188e+00
1.219660895791338379e-01 2.962801741052931148e-01 5.477225575051661188e+00
1.222883901796246869e-01 3.016960988795104881e-01 5.477225575051661188e+00
1.226115424732167614e-01 3.073163956023025611e-01 5.477225575051661188e+00
1.229355487105454475e-01 3.132507816188318528e-01 5.477225575051661188e+00
1.232604111481934994e-01 3.192728715582073273e-01 5.477225575051661188e+00
1.235861320487068871e-01 3.256359349416014792e-01 5.477225575051661188e+00
1.239127136806103674e-01 3.328174645501849604e-01 5.477225575051661188e+00
1.242401583184234160e-01 3.387607583711182979e-01 5.477225575051661188e+00
1.245684682426759643e-01 3.476797946479485146e-01 5.477225575051661188e+00
1.248976457399244011e-01 3.531229854477139773e-01 5.477225575051661188e+00
1.252276931027674345e-01 4.150228276167512997e-01 5.477225575051661188e+00
1.255586126298620653e-01 3.683296959433294826e-01 5.477225575051661188e+00
1.258904066259395049e-01 3.765847400771915043e-01 5.477225575051661188e+00
1.262230774018214541e-01 3.844450412496774327e-01 5.477225575051661188e+00
1.265566272744359511e-01 3.930938917348671957e-01 5.477225575051661188e+00
1.268910585668336921e-01 4.021869207645682454e-01 5.477225575051661188e+00
1.272263736082040742e-01 4.111352257436501900e-01 5.477225575051661188e+00
1.275625747338914873e-01 4.210255656895220966e-01 5.477225575051661188e+00
1.278996642854115795e-01 4.294968501643891545e-01 5.477225575051661188e+00
1.282376446104676049e-01 4.411792243209219366e-01 5.477225575051661188e+00
1.285765180629666327e-01 4.516514082111092176e-01 5.477225575051661188e+00
1.289162870030360897e-01 4.656389678409873500e-01 5.477225575051661188e+00
1.292569537970400806e-01 4.737103984116880495e-01 5.477225575051661188e+00
1.295985208175960135e-01 4.854946266298526547e-01 5.477225575051661188e+00
1.299409904435910035e-01 4.973810814604436303e-01 5.477225575051661188e+00
1.302843650601984704e-01 5.077650228287085010e-01 5.477225575051661188e+00
1.306286470588947091e-01 5.217192939273187502e-01 5.477225575051661188e+00
1.309738388374756812e-01 5.358448666376303127e-01 5.477225575051661188e+00
1.313199428000735858e-01 5.488929832943322262e-01 5.477225575051661188e+00
1.316669613571736508e-01 5.630343296934375852e-01 5.477225575051661188e+00
1.320148969256308980e-01 5.773220887458805350e-01 5.477225575051661188e+00
1.323637519286869901e-01 5.918281932989390981e-01 5.477225575051661188e+00
1.327135287959871068e-01 6.073896313033545491e-01 5.477225575051661188e+00
1.330642299635969306e-01 6.229697271077850873e-01 5.477225575051661188e+00
1.334158578740194945e-01 6.387948132856826611e-01 5.477225575051661188e+00
1.337684149762122243e-01 6.541549181536427948e-01 5.477225575051661188e+00
1.341219037256040358e-01 6.716610337636133021e-01 5.477225575051661188e+00
1.344763265841125432e-01 6.880757191089484914e-01 5.477225575051661188e+00
1.348316860201609069e-01 7.052008984131681313e-01 5.477225575051661188e+00
1.351879845086952636e-01 7.227200321407664108e-01 5.477225575051661188e+00
1.355452245312019077e-01 7.402818070246123261e-01 5.477225575051661188e+00
1.359034085757246102e-01 7.587747247505332027e-01 5.477225575051661188e+00
1.362625391368818550e-01 7.771187525398075557e-01 5.477225575051661188e+00
1.366226187158842698e-01 7.953316685289102406e-01 5.477225575051661188e+00
1.369836498205520281e-01 8.140954453892379483e-01 5.477225575051661188e+00
1.373456349653323916e-01 8.326746654560494010e-01 5.477225575051661188e+00
1.377085766713169457e-01 8.512827925631094583e-01 5.477225575051661188e+00
1.380724774662596965e-01 8.702638798765578443e-01 5.477225575051661188e+00
1.384373398845941405e-01 8.892003468370297536e-01 5.477225575051661188e+00
1.388031664674511112e-01 9.079854757242087349e-01 5.477225575051661188e+00
1.391699597626765150e-01 9.260770448935108368e-01 5.477225575051661188e+00
1.395377223248491505e-01 9.445761461783351853e-01 5.477225575051661188e+00
1.399064567152982774e-01 9.629251992750496036e-01 5.477225575051661188e+00
1.402761655021216303e-01 9.806342680020564417e-01 5.477225575051661188e+00
1.406468512602032095e-01 9.977820511327956110e-01 5.477225575051661188e+00
1.410185165712312672e-01 1.014495934225687179e+00 5.477225575051661188e+00
1.413911640237164036e-01 1.030196517118441291e+00 5.477225575051661188e+00
1.417647962130093031e-01 1.045296424126209711e+00 5.477225575051661188e+00
1.421394157413189974e-01 1.058648146064853579e+00 5.477225575051661188e+00
1.425150252177311005e-01 1.073846421849333321e+00 5.477225575051661188e+00
1.428916272582256008e-01 1.086901714867594348e+00 5.477225575051661188e+00
1.432692244856956509e-01 1.099407194106438279e+00 5.477225575051661188e+00
1.436478195299652205e-01 1.109350261138131843e+00 5.477225575051661188e+00
1.440274150278078591e-01 1.119730107996263380e+00 5.477225575051661188e+00
1.444080136229647648e-01 1.128164529215597733e+00 5.477225575051661188e+00
1.447896179661635752e-01 1.135676093362116390e+00 5.477225575051661188e+00
1.451722307151364078e-01 1.142008157402207402e+00 5.477225575051661188e+00
1.455558545346385124e-01 1.147137660924437697e+00 5.477225575051661188e+00
1.459404920964670060e-01 1.151381477209185489e+00 5.477225575051661188e+00
1.463261460794792190e-01 1.153057277679438108e+00 5.477225575051661188e+00
1.467128191696116246e-01 1.154719761252105625e+00 5.477225575051661188e+00
1.471005140598982408e-01 1.155942525956614730e+00 5.477225575051661188e+00
1.474892334504896707e-01 1.154813064185788329e+00 5.477225575051661188e+00
1.478789800486716433e-01 1.152638695413619629e+00 5.477225575051661188e+00
1.482697565688841368e-01 1.149556145367427451e+00 5.477225575051661188e+00
1.486615657327401419e-01 1.144743032561215124e+00 5.477225575051661188e+00
1.490544102690445072e-01 1.139092033808602578e+00 5.477225575051661188e+00
1.494482929138132021e-01 1.133128933202794952e+00 5.477225575051661188e+00
1.498432164102921071e-01 1.124923489300007073e+00 5.477225575051661188e+00
1.502391835089763872e-01 1.116209153022263090e+00 5.477225575051661188e+00
1.506361969676294488e-01 1.107668769739396764e+00 5.477225575051661188e+00
1.510342595513021191e-01 1.097416489357570413e+00 5.477225575051661188e+00
1.514333740323521305e-01 1.087010257936838142e+00 5.477225575051661188e+00
1.518335431904631883e-01 1.075258252828879879e+00 5.477225575051661188e+00
1.522347698126645110e-01 1.063367457188868492e+00 5.477225575051661188e+00
1.526370566933500927e-01 1.050637692107784904e+00 5.477225575051661188e+00
1.530404066342982705e-01 1.037827346427525610e+00 5.477225575051661188e+00
1.534448224446911258e-01 1.023985970943529500e+00 5.477225575051661188e+00
1.538503069411343294e-01 1.010672859243329835e+00 5.477225575051661188e+00
1.542568629476762654e-01 9.971462686445293766e-01 5.477225575051661188e+00
1.546644932958282093e-01 9.827899738370785565e-01 5.477225575051661188e+00
1.550732008245836735e-01 9.683539610385718532e-01 5.477225575051661188e+00
1.554829883804384472e-01 9.540064647152483035e-01 5.477225575051661188e+00
1.558938588174103024e-01 9.397293663414451048e-01 5.477225575051661188e+00
1.563058149970588118e-01 9.243617696257502292e-01 5.477225575051661188e+00
1.567188597885053603e-01 9.084525068035246287e-01 5.477225575051661188e+00
1.571329960684531013e-01 8.947973392075633248e-01 5.477225575051661188e+00
1.575482267212070520e-01 8.806993357373575915e-01 5.477225575051661188e+00
1.579645546386940491e-01 8.657752213444493972e-01 5.477225575051661188e+00
1.583819827204830111e-01 8.511867967483570663e-01 5.477225575051661188e+00
1.588005138738051436e-01 8.369861330956448464e-01 5.477225575051661188e+00
1.592201510135740072e-01 8.232118754837238761e-01 5.477225575051661188e+00
1.596408970624060564e-01 8.089730832700263718e-01 5.477225575051661188e+00
1.600627549506409009e-01 7.949035340599699406e-01 5.477225575051661188e+00
1.604857276163615398e-01 7.831262595934359583e-01 5.477225575051661188e+00
1.609098180054151783e-01 7.687628432351761854e-01 5.477225575051661188e+00
1.613350290714334057e-01 7.553414214521830816e-01 5.477225575051661188e+00
1.617613637758529566e-01 7.420221714420401904e-01 5.477225575051661188e+00
1.621888250879363613e-01 7.299047990162847999e-01 5.477225575051661188e+00
1.626174159847924294e-01 7.174460698593116970e-01 5.477225575051661188e+00
1.630471394513971217e-01 7.050595109752548773e-01 5.477225575051661188e+00
1.634779984806144781e-01 6.931287937007062361e-01 5.477225575051661188e+00
1.639099960732171291e-01 6.810728125070458772e-01 5.477225575051661188e+00
1.643431352379074450e-01 6.696561287834702503e-01 5.477225575051661188e+00
1.647774189913384646e-01 6.585851113444016747e-01 5.477225575051661188e+00
1.652128503581347108e-01 6.477021269762330835e-01 5.477225575051661188e+00
1.656494323709136185e-01 6.372227122618937534e-01 5.477225575051661188e+00
1.660871680703063236e-01 6.267283104064013122e-01 5.477225575051661188e+00
1.665260605049789511e-01 6.161205834795460135e-01 5.477225575051661188e+00
1.669661127316538207e-01 6.061521186236574765e-01 5.477225575051661188e+00
1.674073278151309296e-01 5.959883027535868294e-01 5.477225575051661188e+00
1.678497088283090466e-01 5.873781050417290484e-01 5.477225575051661188e+00
1.682932588522071116e-01 5.775503443587188812e-01 5.477225575051661188e+00
1.687379809759859128e-01 5.683392925930287332e-01 5.477225575051661188e+00
1.691838782969694033e-01 5.595861329472683332e-01 5.477225575051661188e+00
1.696309539206664885e-01 5.506745714512261136e-01 5.477225575051661188e+00
1.700792109607923430e-01 5.424861679988061125e-01 5.477225575051661188e+00
1.705286525392903374e-01 5.341441867504597152e-01 5.477225575051661188e+00
1.709792817863537151e-01 5.247309200635370541e-01 5.477225575051661188e+00
1.714311018404473252e-01 5.181669305964368144e-01 5.477225575051661188e+00
1.718841158483297160e-01 5.105253948701170552e-01 5.477225575051661188e+00
1.723383269650747007e-01 5.030199407652590216e-01 5.477225575051661188e+00
1.727937383540935623e-01 4.960381303115851126e-01 5.477225575051661188e+00
1.732503531871570357e-01 4.886527243148595656e-01 5.477225575051661188e+00
1.737081746444174291e-01 4.846736447993720831e-01 5.477225575051661188e+00
1.741672059144307450e-01 4.745283558394847168e-01 5.477225575051661188e+00
1.746274501941788015e-01 4.685500655003053683e-01 5.477225575051661188e+00
1.750889106890916314e-01 4.619363581677437547e-01 5.477225575051661188e+00
1.755515906130697135e-01 4.556377115685017465e-01 5.477225575051661188e+00
1.760154931885065388e-01 4.494128193886482991e-01 5.477225575051661188e+00
1.764806216463107313e-01 4.433334941813737440e-01 5.477225575051661188e+00
1.769469792259287799e-01 4.371524510806889530e-01 5.477225575051661188e+00
1.774145691753676313e-01 4.314888143727801384e-01 5.477225575051661188e+00
1.778833947512170610e-01 4.258857951498656313e-01 5.477225575051661188e+00
1.783534592186727663e-01 4.210841706869776213e-01 5.477225575051661188e+00
1.788247658515586258e-01 4.152747188735093631e-01 5.477225575051661188e+00
1.792973179323499033e-01 4.106848233894868638e-01 5.477225575051661188e+00
1.797711187521958132e-01 4.043708758750393928e-01 5.477225575051661188e+00
1.802461716109426682e-01 4.002259845517903702e-01 5.477225575051661188e+00
1.807224798171567781e-01 3.954243596436898267e-01 5.477225575051661188e+00
1.812000466881473482e-01 3.907967288418082719e-01 5.477225575051661188e+00
1.816788755499899044e-01 3.862082237322877476e-01 5.477225575051661188e+00
1.821589697375490258e-01 3.818818691623200312e-01 5.477225575051661188e+00
1.826403325945021305e-01 3.771506594917938826e-01 5.477225575051661188e+00
1.831229674733621526e-01 3.728962594100926897e-01 5.477225575051661188e+00
1.836068777355013282e-01 3.687756090485529992e-01 5.477225575051661188e+00
1.840920667511744546e-01 3.644788745444135225e-01 5.477225575051661188e+00
1.845785378995423720e-01 3.606392274089332828e-01 5.477225575051661188e+00
1.850662945686954719e-01 3.567044002227569566e-01 5.477225575051661188e+00
1.855553401556773174e-01 3.528894916773587243e-01 5.477225575051661188e+00
1.860456780665083465e-01 3.490824652148661333e-01 5.477225575051661188e+00
1.865373117162094085e-01 3.455848211973697182e-01 5.477225575051661188e+00
1.870302445288259396e-01 3.421117100901193142e-01 5.477225575051661188e+00
1.875244799374514160e-01 3.383992713789792939e-01 5.477225575051661188e+00
1.880200213842513346e-01 3.347966781800035263e-01 5.477225575051661188e+00
1.885168723204874441e-01 3.314602136306004088e-01 5.477225575051661188e+00
1.890150362065413925e-01 3.278518664306246388e-01 5.477225575051661188e+00
1.895145165119392350e-01 3.252492513072535729e-01 5.477225575051661188e+00
1.900153167153753042e-01 3.219691770495453631e-01 5.477225575051661188e+00
1.905174403047365239e-01 3.187507967328018776e-01 5.477225575051661188e+00
1.910208907771266673e-01 3.156195098904583940e-01 5.477225575051661188e+00
1.915256716388908653e-01 3.127751583142777125e-01 5.477225575051661188e+00
1.920317864056398649e-01 3.097556369034357715e-01 5.477225575051661188e+00
1.925392386022745095e-01 3.069646285225388627e-01 5.477225575051661188e+00
1.930480317630103859e-01 3.041716892002204742e-01 5.477225575051661188e+00
1.935581694314023882e-01 3.016337820701415207e-01 5.477225575051661188e+00
1.940696551603695030e-01 2.988668686919447870e-01 5.477225575051661188e+00
1.945824925122193183e-01 2.962378402189145832e-01 5.477225575051661188e+00
1.950966850586730306e-01 2.936847460587249103e-01 5.477225575051661188e+00
1.956122363808901754e-01 2.912818348117603429e-01 5.477225575051661188e+00
1.961291500694939127e-01 2.888539653480668434e-01 5.477225575051661188e+00
1.966474297245954517e-01 2.864726056599386506e-01 5.477225575051661188e+00
1.971670789558196690e-01 2.838487339007515486e-01 5.477225575051661188e+00
1.976881013823299504e-01 2.818309694447829750e-01 5.477225575051661188e+00
1.982105006328533925e-01 2.793352693610956505e-01 5.477225575051661188e+00
1.987342803457063656e-01 2.772139607030106867e-01 5.477225575051661188e+00
1.992594441688195495e-01 2.749505862543126788e-01 5.477225575051661188e+00
1.997859957597633018e-01 2.727623582205744301e-01 5.477225575051661188e+00
2.003139387857734710e-01 2.706829417965437856e-01 5.477225575051661188e+00
2.008432769237765703e-01 2.684682512121875919e-01 5.477225575051661188e+00
2.013740138604157015e-01 2.664282812298260916e-01 5.477225575051661188e+00
2.019061532920759794e-01 2.645918951048213397e-01 5.477225575051661188e+00
2.024396989249103440e-01 2.626412467609476886e-01 5.477225575051661188e+00
2.029746544748654846e-01 2.606840195611105360e-01 5.477225575051661188e+00
2.035110236677076245e-01 2.588305633618695478e-01 5.477225575051661188e+00
2.040488102390484448e-01 2.559892643512798327e-01 5.477225575051661188e+00
2.045880179343711747e-01 2.549986873923298369e-01 5.477225575051661188e+00
2.051286505090566259e-01 2.533443592834426772e-01 5.477225575051661188e+00
2.056707117284092556e-01 2.516238966400047294e-01 5.477225575051661188e+00
2.062142053676838116e-01 2.495129026957554896e-01 5.477225575051661188e+00
2.067591352121109782e-01 2.480728566043785832e-01 5.477225575051661188e+00
2.073055050569242719e-01 2.464550359307378369e-01 5.477225575051661188e+00
2.078533187073861310e-01 2.447622512364050207e-01 5.477225575051661188e+00
2.084025799788146727e-01 2.432149010130129074e-01 5.477225575051661188e+00
2.089532926966101989e-01 2.416412403833493872e-01 5.477225575051661188e+00
2.095054606962816479e-01 2.399971485675390925e-01 5.477225575051661188e+00
2.100590878234735170e-01 2.386026100062759447e-01 5.477225575051661188e+00
2.106141779339925912e-01 2.373750763610061876e-01 5.477225575051661188e+00
2.111707348938348661e-01 2.356268977315129909e-01 5.477225575051661188e+00
2.117287625792122763e-01 2.340882885451683881e-01 5.477225575051661188e+00
2.122882648765798685e-01 2.326000884587398065e-01 5.477225575051661188e+00
2.128492456826627799e-01 2.312543972915954704e-01 5.477225575051661188e+00
2.134117089044833826e-01 2.299377117977226548e-01 5.477225575051661188e+00
2.139756584593887068e-01 2.285673618215889880e-01 5.477225575051661188e+00
2.145410982750773077e-01 2.272386766497072053e-01 5.477225575051661188e+00
2.151080322896270214e-01 2.258403856011928224e-01 5.477225575051661188e+00
2.156764644515219986e-01 2.246362409289089646e-01 5.477225575051661188e+00
2.162463987196807658e-01 2.237286368000711567e-01 5.477225575051661188e+00
2.168178390634832031e-01 2.221336527586479925e-01 5.477225575051661188e+00
2.173907894627984949e-01 2.208629986887200303e-01 5.477225575051661188e+00
2.179652539080128570e-01 2.196895381423434879e-01 5.477225575051661188e+00
2.185412364000571539e-01 2.184737607693094663e-01 5.477225575051661188e+00
2.191187409504350703e-01 2.173042215138809852e-01 5.477225575051661188e+00
2.196977715812507559e-01 2.162797852156567724e-01 5.477225575051661188e+00
2.202783323252368586e-01 2.149957213152365598e-01 5.477225575051661188e+00
2.208604272257828627e-01 2.137764307593273683e-01 5.477225575051661188e+00
2.214440603369628446e-01 2.127278319337157497e-01 5.477225575051661188e+00
2.220292357235642833e-01 2.115764171432092111e-01 5.477225575051661188e+00
2.226159574611157876e-01 2.105557327576608739e-01 5.477225575051661188e+00
2.232042296359157407e-01 2.095490475421701027e-01 5.477225575051661188e+00
2.237940563450607767e-01 2.084159234431722241e-01 5.477225575051661188e+00
2.243854416964743692e-01 2.074861614618277728e-01 5.477225575051661188e+00
2.249783898089352252e-01 2.064813563940741947e-01 5.477225575051661188e+00
2.255729048121061786e-01 2.055534587201071073e-01 5.477225575051661188e+00
2.261689908465628063e-01 2.044911139647531406e-01 5.477225575051661188e+00
2.267666520638223215e-01 2.035907796626754418e-01 5.477225575051661188e+00
2.273658926263727176e-01 2.026716471808883979e-01 5.477225575051661188e+00
2.279667167077012724e-01 2.016881844987258310e-01 5.477225575051661188e+00
2.285691284923239974e-01 2.007755769199401352e-01 5.477225575051661188e+00
2.291731321758145590e-01 1.998235749786115567e-01 5.477225575051661188e+00
2.297787319648339210e-01 1.989819812906167551e-01 5.477225575051661188e+00
2.303859320771589336e-01 1.980230816521679482e-01 5.477225575051661188e+00
2.309947367417123087e-01 1.973000404058150858e-01 5.477225575051661188e+00
2.316051501985918748e-01 1.961237431927945196e-01 5.477225575051661188e+00
2.322171766990999697e-01 1.955627384049032358e-01 5.477225575051661188e+00
2.328308205057733893e-01 1.946758921859158553e-01 5.477225575051661188e+00
2.334460858924126969e-01 1.939190449842420616e-01 5.477225575051661188e+00
2.340629771441121443e-01 1.930481676203960884e-01 5.477225575051661188e+00
2.346814985572897028e-01 1.922394077119914668e-01 5.477225575051661188e+00
2.353016544397165677e-01 1.909889545935008481e-01 5.477225575051661188e+00
2.359234491105476339e-01 1.908528145712521940e-01 5.477225575051661188e+00
2.365468869003512775e-01 1.898363592425679480e-01 5.477225575051661188e+00
2.371719721511394152e-01 1.890991131431833117e-01 5.477225575051661188e+00
2.377987092163981186e-01 1.884189656097953747e-01 5.477225575051661188e+00
2.384271024611177570e-01 1.877192692187616141e-01 5.477225575051661188e+00
2.390571562618231671e-01 1.869128910015045997e-01 5.477225575051661188e+00
2.396888750066045182e-01 1.862348032078829374e-01 5.477225575051661188e+00
2.403222630951476479e-01 1.854713747619830821e-01 5.477225575051661188e+00
2.409573249387646499e-01 1.848623757638249987e-01 5.477225575051661188e+00
2.415940649604249035e-01 1.842099651566271590e-01 5.477225575051661188e+00
2.422324875947854950e-01 1.834749741848567539e-01 5.477225575051661188e+00
2.428725972882223583e-01 1.828235033205349302e-01 5.477225575051661188e+00
2.435143984988610844e-01 1.821371341484198381e-01 5.477225575051661188e+00
2.441578956966082570e-01 1.815442078301464923e-01 5.477225575051661188e+00
2.448030933631821504e-01 1.808595213684527914e-01 5.477225575051661188e+00
2.454499959921442875e-01 1.802315355858924995e-01 5.477225575051661188e+00
2.460986080889305538e-01 1.795264907055414694e-01 5.477225575051661188e+00
2.467489341708827000e-01 1.789899505154194104e-01 5.477225575051661188e+00
2.474009787672797334e-01 1.784186004359669953e-01 5.477225575051661188e+00
2.480547464193695040e-01 1.777858523966651394e-01 5.477225575051661188e+00
2.487102416804002070e-01 1.771480461100290449e-01 5.477225575051661188e+00
2.493674691156523016e-01 1.766142808279964338e-01 5.477225575051661188e+00
2.500264333024700414e-01 1.759419495985639625e-01 5.477225575051661188e+00
2.506871388302936987e-01 1.754449601857540619e-01 5.477225575051661188e+00
2.513495903006912613e-01 1.748688360535484432e-01 5.477225575051661188e+00
2.520137923273905178e-01 1.744691479406008661e-01 5.477225575051661188e+00
2.526797495363111712e-01 1.737978168337194484e-01 5.477225575051661188e+00
2.533474665655973679e-01 1.732207864273367648e-01 5.477225575051661188e+00
2.540169480656495060e-01 1.726802363780327032e-01 5.477225575051661188e+00
2.546881986991568758e-01 1.720954592047481968e-01 5.477225575051661188e+00
2.553612231411302447e-01 1.716108365131335523e-01 5.477225575051661188e+00
2.560360260789341647e-01 1.710662805599139080e-01 5.477225575051661188e+00
2.567126122123199461e-01 1.706087966679329937e-01 5.477225575051661188e+00
2.573909862534580761e-01 1.699503662901563350e-01 5.477225575051661188e+00
2.580711529269710258e-01 1.698572764825352355e-01 5.477225575051661188e+00
2.587531169699664457e-01 1.691014155315675727e-01 5.477225575051661188e+00
2.594368831320699731e-01 1.687139630700513482e-01 5.477225575051661188e+00
2.601224561754583164e-01 1.681745302007356391e-01 5.477225575051661188e+00
2.608098408748923958e-01 1.676700610042555772e-01 5.477225575051661188e+00
2.614990420177507047e-01 1.674389488669560389e-01 5.477225575051661188e+00
2.621900644040625616e-01 1.667295330039304802e-01 5.477225575051661188e+00
2.628829128465416387e-01 1.662808247257408223e-01 5.477225575051661188e+00
2.635775921706192682e-01 1.658285804259504170e-01 5.477225575051661188e+00
2.642741072144783043e-01 1.653811569778738666e-01 5.477225575051661188e+00
2.649724628290866524e-01 1.649413063906801924e-01 5.477225575051661188e+00
2.656726638782310190e-01 1.645104382153878553e-01 5.477225575051661188e+00
2.663747152385511630e-01 1.641131291229928069e-01 5.477225575051661188e+00
2.670786217995733125e-01 1.637146100394519244e-01 5.477225575051661188e+00
2.677843884637444716e-01 1.632289320254458054e-01 5.477225575051661188e+00
2.684920201464667255e-01 1.628060471684495136e-01 5.477225575051661188e+00
2.692015217761313250e-01 1.624129191482234225e-01 5.477225575051661188e+00
2.699128982941527699e-01 1.619804512635881488e-01 5.477225575051661188e+00
2.706261546550036701e-01 1.616359452962518317e-01 5.477225575051661188e+00
2.713412958262490515e-01 1.609578593131990587e-01 5.477225575051661188e+00
2.720583267885807732e-01 1.608858177690878910e-01 5.477225575051661188e+00
2.727772525358525546e-01 1.604121568361028538e-01 5.477225575051661188e+00
2.734980780751144480e-01 1.600109230539014105e-01 5.477225575051661188e+00
2.742208084266480328e-01 1.596467242899136663e-01 5.477225575051661188e+00
2.749454486240009987e-01 1.592716887263676551e-01 5.477225575051661188e+00
2.756720037140225621e-01 1.589177272852238532e-01 5.477225575051661188e+00
2.764004787568982713e-01 1.587859480421314196e-01 5.477225575051661188e+00
2.771308788261855338e-01 1.580602135885602333e-01 5.477225575051661188e+00
2.778632090088490880e-01 1.578037765211377785e-01 5.477225575051661188e+00
2.785974744052956420e-01 1.574785189385011497e-01 5.477225575051661188e+00
2.793336801294106220e-01 1.571317929652878975e-01 5.477225575051661188e+00
2.800718313085923672e-01 1.392418615992954412e-01 5.477225575051661188e+00
2.808119330837890448e-01 1.564713167403270766e-01 5.477225575051661188e+00
2.815539906095343436e-01 1.563684913316903680e-01 5.477225575051661188e+00
2.822980090539820575e-01 1.557277686216124724e-01 5.477225575051661188e+00
2.830439935989439992e-01 1.554376668342714318e-01 5.477225575051661188e+00
2.837919494399244735e-01 1.549854845391673841e-01 5.477225575051661188e+00
2.845418817861575245e-01 1.548192934969694623e-01 5.477225575051661188e+00
2.852937958606427959e-01 1.544548399227056446e-01 5.477225575051661188e+00
2.860476969001816139e-01 1.541376532191878201e-01 5.477225575051661188e+00
2.868035901554142342e-01 1.538728622378716104e-01 5.477225575051661188e+00
2.875614808908554254e-01 1.535434762392437757e-01 5.477225575051661188e+00
2.883213743849319943e-01 1.532729875682662390e-01 5.477225575051661188e+00
2.890832759300195343e-01 1.529221708992919149e-01 5.477225575051661188e+00
2.898471908324780633e-01 1.525905664096133818e-01 5.477225575051661188e+00
2.906131244126907709e-01 1.523026907079669812e-01 5.477225575051661188e+00
2.913810820050998784e-01 1.520308029838879360e-01 5.477225575051661188e+00
2.921510689582437759e-01 1.517516716872391591e-01 5.477225575051661188e+00
2.929230906347951024e-01 1.514299854771543885e-01 5.477225575051661188e+00
2.936971524115971621e-01 1.512287579839953211e-01 5.477225575051661188e+00
2.944732596797021151e-01 1.509426055356534180e-01 5.477225575051661188e+00
2.952514178444081705e-01 1.506176521363971899e-01 5.477225575051661188e+00
2.960316323252969450e-01 1.503354683159653093e-01 5.477225575051661188e+00
2.968139085562720991e-01 1.500797244314615586e-01 5.477225575051661188e+00
2.975982519855959740e-01 1.498155261602362454e-01 5.477225575051661188e+00
2.983846680759285608e-01 1.495672408859465563e-01 5.477225575051661188e+00
2.991731623043653032e-01 1.492704032912650081e-01 5.477225575051661188e+00
2.999637401624745126e-01 1.489879336967318002e-01 5.477225575051661188e+00
3.007564071563370023e-01 1.487746629294063871e-01 5.477225575051661188e+00
3.015511688065829476e-01 1.484917149613976528e-01 5.477225575051661188e+00
3.023480306484312985e-01 1.483470477388930120e-01 5.477225575051661188e+00
3.031469982317283041e-01 1.480346602090927277e-01 5.477225575051661188e+00
3.039480771209853160e-01 1.477769934381494288e-01 5.477225575051661188e+00
3.047512728954188677e-01 1.475268183016978374e-01 5.477225575051661188e+00
3.055565911489880881e-01 1.471807667653136364e-01 5.477225575051661188e+00
3.063640374904349484e-01 1.470656366247836966e-01 5.477225575051661188e+00
3.071736175433226190e-01 1.468235312834119677e-01 5.477225575051661188e+00
3.079853369460744950e-01 1.465887458790939291e-01 5.477225575051661188e+00
3.087992013520139967e-01 1.463290440747526677e-01 5.477225575051661188e+00
3.096152164294038722e-01 1.461487158147821708e-01 5.477225575051661188e+00
3.104333878614849995e-01 1.459170205805042642e-01 5.477225575051661188e+00
3.112537213465169650e-01 1.456831840650747445e-01 5.477225575051661188e+00
3.120762225978168658e-01 1.453780497148574324e-01 5.477225575051661188e+00
3.129008973437996666e-01 1.452504196786441604e-01 5.477225575051661188e+00
3.137277513280180008e-01 1.450036405583986221e-01 5.477225575051661188e+00
3.145567903092018058e-01 1.447931531260858440e-01 5.477225575051661188e+00
3.153880200612991236e-01 1.446211406543098932e-01 5.477225575051661188e+00
3.162214463735152914e-01 1.444213713797643517e-01 5.477225575051661188e+00
3.170570750503545199e-01 1.442049024239824284e-01 5.477225575051661188e+00
3.178949119116594169e-01 1.439688876415763097e-01 5.477225575051661188e+00
3.187349627926513995e-01 1.437986141218877967e-01 5.477225575051661188e+00
3.195772335439724943e-01 1.434717544311923387e-01 5.477225575051661188e+00
3.204217300317244166e-01 1.433828204419117514e-01 5.477225575051661188e+00
3.212684581375109816e-01 1.432749564970637601e-01 5.477225575051661188e+00
3.221174237584782940e-01 1.429005937086229583e-01 5.477225575051661188e+00
3.229686328073554380e-01 1.428853516727434658e-01 5.477225575051661188e+00
3.238220912124967210e-01 1.427499732495218498e-01 5.477225575051661188e+00
3.246778049179219749e-01 1.423851422560163671e-01 5.477225575051661188e+00
3.255357798833584670e-01 1.422544325395197762e-01 5.477225575051661188e+00
3.263960220842827553e-01 1.421960504532769898e-01 5.477225575051661188e+00
3.272585375119608231e-01 1.419480979980779767e-01 5.477225575051661188e+00
3.281233321734919328e-01 1.416128239349414841e-01 5.477225575051661188e+00
3.289904120918488162e-01 1.415484671679069217e-01 5.477225575051661188e+00
3.298597833059200291e-01 1.413355592655974047e-01 5.477225575051661188e+00
3.307314518705525841e-01 1.411218749309139653e-01 5.477225575051661188e+00
3.316054238565931955e-01 1.410147637332169746e-01 5.477225575051661188e+00
3.324817053509314668e-01 1.408760096050528099e-01 5.477225575051661188e+00
3.333603024565418016e-01 1.407194649067277370e-01 5.477225575051661188e+00
3.342412212925255921e-01 1.399943068677953484e-01 5.477225575051661188e+00
3.351244679941548510e-01 1.403370134009449266e-01 5.477225575051661188e+00
3.360100487129135671e-01 1.403176548938982193e-01 5.477225575051661188e+00
3.368979696165419480e-01 1.400971595815009019e-01 5.477225575051661188e+00
3.377882368890785525e-01 1.398454041830111960e-01 5.477225575051661188e+00
3.386808567309031459e-01 1.396633970311818573e-01 5.477225575051661188e+00
3.395758353587808309e-01 1.395009408351726710e-01 5.477225575051661188e+00
3.404731790059041252e-01 1.395384282205433812e-01 5.477225575051661188e+00
3.413728939219375369e-01 1.384863661621206221e-01 5.477225575051661188e+00
3.422749863730607522e-01 1.391036361678024136e-01 5.477225575051661188e+00
3.431794626420113237e-01 1.389357229169135566e-01 5.477225575051661188e+00
3.440863290281300779e-01 1.387822673501026560e-01 5.477225575051661188e+00
3.449955918474032490e-01 1.386373973181095898e-01 5.477225575051661188e+00
3.459072574325080529e-01 1.385143623812445379e-01 5.477225575051661188e+00
3.468213321328559307e-01 1.383507749566871281e-01 5.477225575051661188e+00
3.477378223146365688e-01 1.384358830784853112e-01 5.477225575051661188e+00
3.486567343608629743e-01 1.376631334259070250e-01 5.477225575051661188e+00
3.495780746714151621e-01 1.379395812722014614e-01 5.477225575051661188e+00
3.505018496630854519e-01 1.378870849694298073e-01 5.477225575051661188e+00
3.514280657696228771e-01 1.376471221249468968e-01 5.477225575051661188e+00
3.523567294417773166e-01 1.376544811344707075e-01 5.477225575051661188e+00
3.532878471473457349e-01 1.374484803939728661e-01 5.477225575051661188e+00
3.542214253712162586e-01 1.373471303814084443e-01 5.477225575051661188e+00
3.551574706154132510e-01 1.372214999094583943e-01 5.477225575051661188e+00
3.560959893991437752e-01 1.370721061558046183e-01 5.477225575051661188e+00
3.570369882588411148e-01 1.370811762176072646e-01 5.477225575051661188e+00
3.579804737482123467e-01 1.368242685519767132e-01 5.477225575051661188e+00
3.589264524382825838e-01 1.366808005514785207e-01 5.477225575051661188e+00
3.598749309174408828e-01 1.365663725441825793e-01 5.477225575051661188e+00
3.608259157914869841e-01 1.364326657150363442e-01 5.477225575051661188e+00
3.617794136836761099e-01 1.362740913826016309e-01 5.477225575051661188e+00
3.627354312347660370e-01 1.362037044064545455e-01 5.477225575051661188e+00
3.636939751030634493e-01 1.359877030688547428e-01 5.477225575051661188e+00
3.646550519644689015e-01 1.359801502174646515e-01 5.477225575051661188e+00
3.656186685125253355e-01 1.359046835680307319e-01 5.477225575051661188e+00
3.665848314584627121e-01 1.358377116333356061e-01 5.477225575051661188e+00
3.675535475312464717e-01 1.356362391559849112e-01 5.477225575051661188e+00
3.685248234776234422e-01 1.354144754018193064e-01 5.477225575051661188e+00
3.694986660621686347e-01 1.354084597182581284e-01 5.477225575051661188e+00
3.704750820673333722e-01 1.353068234302740591e-01 5.477225575051661188e+00
3.714540782934910856e-01 1.352037037515604057e-01 5.477225575051661188e+00
3.724356615589862196e-01 1.350902440084316980e-01 5.477225575051661188e+00
3.734198387001808617e-01 1.350175892343592199e-01 5.477225575051661188e+00
3.744066165715019823e-01 1.349369451651885321e-01 5.477225575051661188e+00
3.753960020454901181e-01 1.347553664238827220e-01 5.477225575051661188e+00
3.763880020128469450e-01 1.346914672179487793e-01 5.477225575051661188e+00
3.773826233824824072e-01 1.345873505950324345e-01 5.477225575051661188e+00
3.783798730815644551e-01 1.345007598557077799e-01 5.477225575051661188e+00
3.793797580555653415e-01 1.344366797992407880e-01 5.477225575051661188e+00
3.803822852683119704e-01 1.342553265556356012e-01 5.477225575051661188e+00
3.813874617020331925e-01 1.341897107029838832e-01 5.477225575051661188e+00
3.823952943574080998e-01 1.340909310182213932e-01 5.477225575051661188e+00
3.834057902536162077e-01 1.340067524521324771e-01 5.477225575051661188e+00
