2.738612787525830303e-02 4.663119097618967146e+00 9.128709291752769017e-01
2.745849688774178524e-02 3.586402062551106162e+00 9.128709291752769017e-01
2.753105713843142024e-02 1.757557349499405897e+00 9.128709291752769017e-01
2.760380913268230263e-02 2.352547931722710484e+00 9.128709291752769017e-01
2.767675337718500730e-02 1.170966834246052413e+00 9.128709291752769017e-01
2.774989037996901386e-02 1.716927893552233186e+00 9.128709291752769017e-01
2.782322065040631828e-02 3.394449507813903644e-01 9.128709291752769017e-01
2.789674469921496480e-02 1.366307712706968491e+00 9.128709291752769017e-01
2.797046303846255355e-02 4.951581945929696693e-01 9.128709291752769017e-01
2.804437618156989040e-02 4.903514698987846976e-01 9.128709291752769017e-01
2.811848464331445988e-02 9.301522607061912806e-01 9.128709291752769017e-01
2.819278893983413053e-02 1.730613221077068331e-01 9.128709291752769017e-01
2.826728958863066257e-02 3.129942512365438967e-01 9.128709291752769017e-01
2.834198710857330564e-02 4.516546340226889611e-01 9.128709291752769017e-01
2.841688201990248686e-02 3.618365000841142765e-01 9.128709291752769017e-01
2.849197484423339477e-02 2.707090228865796089e-01 9.128709291752769017e-01
2.856726610455954593e-02 2.366349624157217391e-01 9.128709291752769017e-01
2.864275632525657700e-02 4.057729025118937960e-01 9.128709291752769017e-01
2.871844603208573155e-02 1.807622082575806588e-01 9.128709291752769017e-01
2.879433575219763480e-02 1.901420725790545774e-01 9.128709291752769017e-01
2.887042601413596088e-02 1.621264401644657571e-01 9.128709291752769017e-01
2.894671734784101322e-02 1.961617503512370631e-01 9.128709291752769017e-01
2.902321028465355141e-02 1.817310066434641158e-01 9.128709291752769017e-01
2.909990535731837163e-02 3.760987142473093403e-01 9.128709291752769017e-01
2.917680309998810576e-02 1.807883405214558981e-01 9.128709291752769017e-01
2.925390404822691276e-02 1.433142184646495898e-01 9.128709291752769017e-01
2.933120873901415640e-02 1.708200083741453490e-01 9.128709291752769017e-01
2.940871771074825627e-02 1.390318348234088619e-01 9.128709291752769017e-01
2.948643150325030646e-02 1.456493361075206494e-01 9.128709291752769017e-01
2.956435065776794741e-02 2.162597919202326469e-01 9.128709291752769017e-01
2.964247571697909561e-02 1.575435407362412998e-01 9.128709291752769017e-01
2.972080722499565938e-02 1.698385721602119203e-01 9.128709291752769017e-01
2.979934572736745932e-02 1.487754692459851424e-01 9.128709291752769017e-01
2.987809177108588857e-02 1.741114196557676796e-01 9.128709291752769017e-01
2.995704590458782984e-02 1.788203886761137729e-01 9.128709291752769017e-01
3.003620867775944406e-02 1.623200459467950552e-01 9.128709291752769017e-01
3.011558064193993467e-02 1.619018522826706774e-01 9.128709291752769017e-01
3.019516234992550979e-02 4.613917814571302234e-01 9.128709291752769017e-01
3.027495435597309797e-02 1.907218116283447285e-01 9.128709291752769017e-01
3.035495721580432418e-02 1.860754567617356192e-01 9.128709291752769017e-01
3.043517148660933661e-02 1.301699972813374073e-01 9.128709291752769017e-01
3.051559772705062651e-02 2.011962458962702482e-01 9.128709291752769017e-01
3.059623649726702851e-02 2.831035362574495506e-01 9.128709291752769017e-01
3.067708835887756474e-02 5.817752542282699224e-01 9.128709291752769017e-01
3.075815387498530978e-02 6.669734259617027261e-01 9.128709291752769017e-01
3.083943361018143606e-02 2.963579257867108296e-01 9.128709291752769017e-01
3.092092813054899553e-02 8.069988821517612987e-01 9.128709291752769017e-01
3.100263800366699282e-02 1.630709704055678388e-01 9.128709291752769017e-01
3.108456379861428837e-02 3.708326176060248169e-01 9.128709291752769017e-01
3.116670608597350151e-02 6.125842470368552117e-01 9.128709291752769017e-01
3.124906543783510793e-02 2.107241541265159612e-01 9.128709291752769017e-01
3.133164242780130115e-02 5.968429543384037306e-01 9.128709291752769017e-01
3.141443763099006914e-02 6.721452438929245154e-01 9.128709291752769017e-01
3.149745162403919801e-02 7.518416944307002581e-01 9.128709291752769017e-01
3.158068498511019950e-02 1.075408829667938493e+00 9.128709291752769017e-01
3.166413829389248119e-02 2.253611455977407640e+00 9.128709291752769017e-01
3.174781213160721843e-02 2.716865588565764877e+00 9.128709291752769017e-01
3.183170708101156626e-02 3.123811841891059871e+00 9.128709291752769017e-01
3.191582372640260068e-02 3.908087960583325859e+00 9.128709291752769017e-01
3.200016265362142648e-02 2.461473024724905034e+00 9.128709291752769017e-01
3.208472445005728507e-02 6.330965990402223298e+00 9.128709291752769017e-01
3.216950970465156517e-02 8.219031779927782111e+00 9.128709291752769017e-01
3.225451900790202164e-02 1.122195268262717960e+01 9.128709291752769017e-01
3.233975295186680005e-02 1.582988051565835974e+01 9.128709291752769017e-01
3.242521213016855836e-02 1.886221149524254415e+01 9.128709291752769017e-01
3.251089713799866499e-02 1.588149857759604799e+01 9.128709291752769017e-01
3.259680857212131355e-02 1.142755188795657517e+01 9.128709291752769017e-01
3.268294703087760988e-02 8.760646896628813352e+00 9.128709291752769017e-01
3.276931311418988108e-02 6.502084020025438171e+00 9.128709291752769017e-01
3.285590742356571392e-02 5.091477822474102410e+00 9.128709291752769017e-01
3.294273056210222234e-02 2.035038770841510747e+00 9.128709291752769017e-01
3.302978313449028008e-02 2.722713721944610477e+00 9.128709291752769017e-01
3.311706574701858002e-02 2.523065607576085334e+00 9.128709291752769017e-01
3.320457900757806807e-02 3.031562404237632125e-01 9.128709291752769017e-01
3.329232352566596775e-02 9.221442197423960208e-01 9.128709291752769017e-01
3.338029991239020722e-02 8.494745765076939792e-01 9.128709291752769017e-01
3.346850878047356870e-02 1.531595278941998650e+00 9.128709291752769017e-01
3.355695074425794205e-02 2.977631757686721725e-01 9.128709291752769017e-01
3.364562641970869628e-02 4.770957439344925000e-01 9.128709291752769017e-01
3.373453642441887057e-02 6.321661584989141103e-01 9.128709291752769017e-01
3.382368137761354587e-02 4.466004743638009589e-01 9.128709291752769017e-01
3.391306190015415389e-02 4.076173103877737125e-01 9.128709291752769017e-01
3.400267861454270985e-02 3.592992892275380656e-01 9.128709291752769017e-01
3.409253214492629497e-02 2.303587302906927314e-01 9.128709291752769017e-01
3.418262311710125456e-02 3.909591880838894085e-01 9.128709291752769017e-01
3.427295215851768051e-02 2.809496823568015667e-01 9.128709291752769017e-01
3.436351989828372727e-02 3.401861274003253333e-01 9.128709291752769017e-01
3.445432696716994869e-02 3.195819564737620855e-01 9.128709291752769017e-01
3.454537399761377359e-02 2.296501585563132664e-01 9.128709291752769017e-01
3.463666162372389806e-02 2.228234646464606616e-01 9.128709291752769017e-01
3.472819048128459457e-02 3.173273622243013570e-01 9.128709291752769017e-01
3.481996120776031239e-02 2.153023349165772982e-01 9.128709291752769017e-01
3.491197444229995200e-02 1.920073663091193261e-01 9.128709291752769017e-01
3.500423082574146555e-02 1.707766923067407794e-01 9.128709291752769017e-01
3.509673100061620060e-02 1.761848168389612557e-01 9.128709291752769017e-01
3.518947561115341044e-02 2.231805531808130072e-01 9.128709291752769017e-01
3.528246530328481290e-02 1.705772840706779592e-01 9.128709291752769017e-01
3.537570072464894105e-02 1.432374755124449783e-01 9.128709291752769017e-01
3.546918252459580617e-02 1.826596466352694847e-01 9.128709291752769017e-01
3.556291135419135940e-02 1.562278832341126855e-01 9.128709291752769017e-01
3.565688786622194656e-02 1.411788616012414899e-01 9.128709291752769017e-01
3.575111271519902656e-02 1.534802427524957769e-01 9.128709291752769017e-01
3.584558655736355681e-02 1.626741113866564392e-01 9.128709291752769017e-01
3.594031005069067697e-02 1.503280770420358237e-01 9.128709291752769017e-01
3.603528385489426777e-02 1.660812102316658323e-01 9.128709291752769017e-01
3.613050863143147523e-02 1.827192442336559586e-01 9.128709291752769017e-01
3.622598504350743598e-02 1.593596211250540573e-01 9.128709291752769017e-01
3.632171375607979452e-02 1.524120540023270465e-01 9.128709291752769017e-01
3.641769543586337310e-02 1.546789281659571857e-01 9.128709291752769017e-01
3.651393075133486932e-02 1.339413722038708121e-01 9.128709291752769017e-01
3.661042037273738031e-02 1.577688590146311687e-01 9.128709291752769017e-01
3.670716497208521834e-02 2.202314710163501277e-01 9.128709291752769017e-01
3.680416522316848349e-02 1.820403714879399726e-01 9.128709291752769017e-01
3.690142180155779605e-02 1.712558938244473083e-01 9.128709291752769017e-01
3.699893538460902881e-02 1.753170149829464397e-01 9.128709291752769017e-01
3.709670665146795610e-02 1.750296237575648395e-01 9.128709291752769017e-01
3.719473628307504859e-02 1.800000581688849521e-01 9.128709291752769017e-01
3.729302496217020563e-02 1.899015795910116988e-01 9.128709291752769017e-01
3.739157337329745284e-02 5.015580282640710319e-01 9.128709291752769017e-01
3.749038220280980632e-02 2.030444768629739716e-01 9.128709291752769017e-01
3.758945213887392861e-02 2.285409904278733195e-01 9.128709291752769017e-01
3.768878387147506226e-02 2.471812197766786734e-01 9.128709291752769017e-01
3.778837809242174828e-02 2.286414845141586383e-01 9.128709291752769017e-01
3.788823549535061397e-02 2.267636400425419863e-01 9.128709291752769017e-01
3.798835677573131342e-02 2.586642838664673372e-01 9.128709291752769017e-01
3.808874263087128759e-02 2.876512551687854802e-01 9.128709291752769017e-01
3.818939375992060070e-02 3.903005262402882702e-01 9.128709291752769017e-01
3.829031086387694321e-02 3.373780568083642462e-01 9.128709291752769017e-01
3.839149464559030861e-02 3.683529028592481547e-01 9.128709291752769017e-01
3.849294580976810043e-02 3.813861016970470641e-01 9.128709291752769017e-01
3.859466506297987154e-02 4.168067991498052294e-01 9.128709291752769017e-01
3.869665311366234789e-02 4.974777043425894774e-01 9.128709291752769017e-01
3.879891067212435513e-02 5.095824540508355760e-01 9.128709291752769017e-01
3.890143845055167582e-02 5.943526534426902819e-01 9.128709291752769017e-01
3.900423716301210791e-02 6.671579144217794077e-01 9.128709291752769017e-01
3.910730752546044686e-02 7.503410799314345070e-01 9.128709291752769017e-01
3.921065025574334284e-02 1.096073367429796441e+00 9.128709291752769017e-01
3.931426607360445635e-02 9.099339990633227293e-01 9.128709291752769017e-01
3.941815570068935015e-02 1.448420145429896833e+00 9.128709291752769017e-01
3.952231986055059626e-02 3.078807356908781934e+00 9.128709291752769017e-01
3.962675927865282749e-02 1.343205698753515698e+00 9.128709291752769017e-01
3.973147468237762936e-02 1.832202688764036136e+00 9.128709291752769017e-01
3.983646680102886223e-02 5.058692189695431551e+00 9.128709291752769017e-01
3.994173636583747689e-02 3.598213971801371702e+00 9.128709291752769017e-01
4.004728410996682975e-02 7.688533014351678574e+00 9.128709291752769017e-01
4.015311076851766497e-02 9.726457127778209255e+00 9.128709291752769017e-01
4.025921707853320763e-02 1.219817686342751450e+01 9.128709291752769017e-01
4.036560377900445112e-02 1.538573051094356536e+01 9.128709291752769017e-01
4.047227161087511155e-02 1.947143959922142287e+01 9.128709291752769017e-01
4.057922131704691515e-02 1.782528241410693326e+01 9.128709291752769017e-01
4.068645364238477474e-02 1.484520165056734164e+01 9.128709291752769017e-01
4.079396933372187589e-02 1.077418416171755311e+01 9.128709291752769017e-01
4.090176913986499213e-02 8.622967214667390579e+00 9.128709291752769017e-01
4.100985381159960586e-02 6.917702980032562010e+00 9.128709291752769017e-01
4.111822410169523739e-02 5.765634277336928903e+00 9.128709291752769017e-01
4.122688076491060061e-02 2.933169580932092124e+00 9.128709291752769017e-01
4.133582455799886951e-02 2.132489774063346388e+00 9.128709291752769017e-01
4.144505623971301428e-02 3.476837222056909482e+00 9.128709291752769017e-01
4.155457657081103318e-02 1.391049031160816796e+00 9.128709291752769017e-01
4.166438631406122611e-02 1.294388872783936106e+00 9.128709291752769017e-01
4.177448623424759311e-02 1.132294831236982935e+00 9.128709291752769017e-01
4.188487709817504540e-02 1.002514852285691260e+00 9.128709291752769017e-01
4.199555967467488715e-02 8.071352435607478393e-01 9.128709291752769017e-01
4.210653473460999885e-02 6.880288756400578798e-01 9.128709291752769017e-01
4.221780305088038143e-02 6.817043155488607953e-01 9.128709291752769017e-01
4.232936539842843682e-02 5.791964398816888959e-01 9.128709291752769017e-01
4.244122255424433166e-02 5.607262078785164583e-01 9.128709291752769017e-01
4.255337529737153457e-02 4.862318742204346234e-01 9.128709291752769017e-01
4.266582440891215217e-02 4.375842166982713000e-01 9.128709291752769017e-01
4.277857067203233443e-02 4.069459375469122175e-01 9.128709291752769017e-01
4.289161487196785361e-02 8.961127562969790628e-01 9.128709291752769017e-01
4.300495779602944713e-02 3.763566242452625610e-01 9.128709291752769017e-01
4.311860023360836874e-02 2.905918910393638921e-01 9.128709291752769017e-01
4.323254297618192576e-02 3.131687962253220658e-01 9.128709291752769017e-01
4.334678681731884281e-02 7.518840365148378169e-01 9.128709291752769017e-01
4.346133255268495865e-02 2.787512093578920491e-01 9.128709291752769017e-01
4.357618098004864549e-02 2.656381653270154519e-01 9.128709291752769017e-01
4.369133289928644331e-02 2.455671400523462555e-01 9.128709291752769017e-01
4.380678911238861800e-02 2.626340250775609508e-01 9.128709291752769017e-01
4.392255042346464994e-02 2.317487055217788972e-01 9.128709291752769017e-01
4.403861763874900026e-02 3.678411237162656500e-01 9.128709291752769017e-01
4.415499156660661340e-02 2.134335815867895170e-01 9.128709291752769017e-01
4.427167301753852369e-02 2.045059911729404101e-01 9.128709291752769017e-01
4.438866280418762855e-02 1.957351919512614891e-01 9.128709291752769017e-01
4.450596174134418409e-02 1.931987904089418895e-01 9.128709291752769017e-01
4.462357064595166845e-02 1.877346785358942616e-01 9.128709291752769017e-01
4.474149033711224271e-02 1.755971442802989335e-01 9.128709291752769017e-01
4.485972163609268371e-02 1.738326717526076093e-01 9.128709291752769017e-01
4.497826536632998362e-02 1.716154834461363077e-01 9.128709291752769017e-01
4.509712235343702608e-02 1.760429854682158679e-01 9.128709291752769017e-01
4.521629342520850497e-02 1.679959119274100909e-01 9.128709291752769017e-01
4.533577941162655889e-02 1.655184993560222806e-01 9.128709291752769017e-01
4.545558114486657891e-02 1.605745612524347721e-01 9.128709291752769017e-01
4.557569945930304428e-02 1.606075105531518943e-01 9.128709291752769017e-01
4.569613519151524694e-02 2.128730308194791143e-01 9.128709291752769017e-01
4.581688918029325208e-02 1.580794415408702525e-01 9.128709291752769017e-01
4.593796226664362964e-02 1.548013749541384820e-01 9.128709291752769017e-01
4.605935529379531768e-02 1.543279034847336306e-01 9.128709291752769017e-01
4.618106910720556901e-02 1.529965161867015422e-01 9.128709291752769017e-01
4.630310455456574520e-02 1.529392624748599772e-01 9.128709291752769017e-01
4.642546248580730478e-02 1.524258546749540644e-01 9.128709291752769017e-01
4.654814375310770830e-02 1.522814312952851801e-01 9.128709291752769017e-01
4.667114921089625390e-02 1.470606674570977268e-01 9.128709291752769017e-01
4.679447971586016969e-02 1.534544173227956054e-01 9.128709291752769017e-01
4.691813612695051872e-02 1.564810500757272405e-01 9.128709291752769017e-01
4.704211930538812481e-02 1.549990846268981537e-01 9.128709291752769017e-01
4.716643011466969265e-02 1.562877635777207286e-01 9.128709291752769017e-01
4.729106942057367813e-02 1.572992370611010771e-01 9.128709291752769017e-01
4.741603809116648471e-02 1.594997862860388360e-01 9.128709291752769017e-01
4.754133699680830605e-02 1.695166399773491150e-01 9.128709291752769017e-01
4.766696701015941257e-02 1.664649507438128728e-01 9.128709291752769017e-01
4.779292900618606343e-02 1.677012657422896624e-01 9.128709291752769017e-01
4.791922386216662666e-02 1.734265219156731763e-01 9.128709291752769017e-01
4.804585245769776164e-02 1.799728498884958783e-01 9.128709291752769017e-01
4.817281567470051845e-02 1.798671677219068621e-01 9.128709291752769017e-01
4.830011439742636081e-02 1.804870337156613269e-01 9.128709291752769017e-01
4.842774951246354986e-02 1.891558460358719607e-01 9.128709291752769017e-01
4.855572190874308386e-02 1.940993753478504891e-01 9.128709291752769017e-01
4.868403247754508195e-02 2.002755811651427131e-01 9.128709291752769017e-01
4.881268211250488348e-02 2.124140119127821413e-01 9.128709291752769017e-01
4.894167170961925828e-02 2.173866316701025814e-01 9.128709291752769017e-01
4.907100216725275577e-02 2.184637371421006280e-01 9.128709291752769017e-01
4.920067438614381811e-02 2.305434651531792500e-01 9.128709291752769017e-01
4.933068926941117788e-02 2.453143113996150981e-01 9.128709291752769017e-01
4.946104772256011695e-02 2.702021815806109339e-01 9.128709291752769017e-01
4.959175065348866290e-02 2.754273464409768835e-01 9.128709291752769017e-01
4.972279897249408387e-02 3.024219066420802404e-01 9.128709291752769017e-01
4.985419359227916125e-02 3.561272639648252469e-01 9.128709291752769017e-01
4.998593542795842781e-02 3.118322771535143034e-01 9.128709291752769017e-01
5.011802539706478044e-02 3.457931178487394508e-01 9.128709291752769017e-01
5.025046441955560023e-02 3.491002795933422220e-01 9.128709291752769017e-01
5.038325341781941386e-02 3.830405267522736246e-01 9.128709291752769017e-01
5.051639331668211774e-02 4.138499754935243136e-01 9.128709291752769017e-01
5.064988504341352837e-02 5.136316475277110660e-01 9.128709291752769017e-01
5.078372952773387017e-02 6.821588944324465942e-01 9.128709291752769017e-01
5.091792770182004824e-02 4.990009305039930232e-01 9.128709291752769017e-01
5.105248050031243462e-02 1.374735683050824386e+00 9.128709291752769017e-01
5.118738886032116880e-02 6.404886165390516473e-01 9.128709291752769017e-01
5.132265372143270804e-02 7.144919823297753991e-01 9.128709291752769017e-01
5.145827602571645398e-02 7.970482830571762323e-01 9.128709291752769017e-01
5.159425671773129607e-02 8.834058056207864107e-01 9.128709291752769017e-01
5.173059674453207857e-02 9.090043903046945983e-01 9.128709291752769017e-01
5.186729705567630355e-02 1.056747271841876668e+00 9.128709291752769017e-01
5.200435860323074366e-02 9.238710697594364474e-01 9.128709291752769017e-01
5.214178234177808263e-02 1.468806139165973468e+00 9.128709291752769017e-01
5.227956922842343784e-02 1.871817824325790802e+00 9.128709291752769017e-01
5.241772022280118820e-02 2.285133591327801916e+00 9.128709291752769017e-01
5.255623628708157996e-02 2.242923364848194545e+00 9.128709291752769017e-01
5.269511838597738806e-02 2.913252671991103160e+00 9.128709291752769017e-01
5.283436748675073014e-02 3.881826307750944061e+00 9.128709291752769017e-01
5.297398455921977639e-02 6.983123021019236099e+00 9.128709291752769017e-01
5.311397057576539016e-02 6.760771390536056025e+00 9.128709291752769017e-01
5.325432651133809453e-02 1.024065550375380163e+01 9.128709291752769017e-01
5.339505334346468512e-02 1.231658812068149444e+01 9.128709291752769017e-01
5.353615205225518286e-02 1.461702772230384362e+01 9.128709291752769017e-01
5.367762362040949531e-02 1.704577469526879341e+01 9.128709291752769017e-01
5.381946903322445269e-02 1.702732347434225346e+01 9.128709291752769017e-01
5.396168927860055947e-02 1.576145342164693020e+01 9.128709291752769017e-01
5.410428534704881526e-02 1.270895534230436930e+01 9.128709291752769017e-01
5.424725823169776473e-02 1.005718896745761448e+01 9.128709291752769017e-01
5.439060892830033245e-02 8.727689757675925364e+00 9.128709291752769017e-01
5.453433843524069236e-02 6.055693516052116365e+00 9.128709291752769017e-01
5.467844775354136627e-02 4.281978987292921701e+00 9.128709291752769017e-01
5.482293788687012809e-02 5.554143444898709703e+00 9.128709291752769017e-01
5.496780984154689409e-02 2.622214743740384435e+00 9.128709291752769017e-01
5.511306462655091165e-02 2.609146966469571449e+00 9.128709291752769017e-01
5.525870325352764956e-02 1.755938671004080742e+00 9.128709291752769017e-01
5.540472673679594506e-02 1.859227318365826109e+00 9.128709291752769017e-01
5.555113609335496361e-02 1.759845652298522634e+00 9.128709291752769017e-01
5.569793234289134587e-02 1.309279089514802097e+00 9.128709291752769017e-01
5.584511650778635483e-02 1.102744284870291969e+00 9.128709291752769017e-01
5.599268961312283549e-02 1.074461619621970287e+00 9.128709291752769017e-01
5.614065268669254927e-02 9.819118729640404775e-01 9.128709291752769017e-01
5.628900675900318923e-02 8.409913963734594322e-01 9.128709291752769017e-01
5.643775286328563123e-02 7.885103726007914871e-01 9.128709291752769017e-01
5.658689203550112262e-02 7.132528977201282316e-01 9.128709291752769017e-01
5.673642531434842234e-02 6.673517495630586494e-01 9.128709291752769017e-01
5.688635374127117700e-02 5.835125138937020672e-01 9.128709291752769017e-01
5.703667836046504014e-02 6.351231619555257613e-01 9.128709291752769017e-01
5.718740021888497893e-02 7.665719899440830432e-01 9.128709291752769017e-01
5.733852036625265713e-02 7.256991472661250553e-01 9.128709291752769017e-01
5.749003985506359604e-02 4.795404891576741102e-01 9.128709291752769017e-01
5.764195974059462685e-02 4.072017064096125072e-01 9.128709291752769017e-01
5.779428108091119037e-02 4.145887172103603358e-01 9.128709291752769017e-01
5.794700493687467147e-02 3.705636719485465025e-01 9.128709291752769017e-01
5.810013237214989995e-02 3.723995803285236605e-01 9.128709291752769017e-01
5.825366445321241565e-02 3.371300560291747295e-01 9.128709291752769017e-01
5.840760224935601097e-02 3.393243374305712767e-01 9.128709291752769017e-01
5.856194683270008611e-02 3.220551089677824441e-01 9.128709291752769017e-01
5.871669927819719859e-02 3.158520538372555087e-01 9.128709291752769017e-01
5.887186066364052950e-02 2.958026322894642957e-01 9.128709291752769017e-01
5.902743206967133588e-02 2.880024281001314912e-01 9.128709291752769017e-01
5.918341457978652104e-02 2.741289529265945046e-01 9.128709291752769017e-01
5.933980928034621877e-02 2.668830738637359423e-01 9.128709291752769017e-01
5.949661726058123185e-02 2.542071318940994362e-01 9.128709291752769017e-01
5.965383961260079665e-02 2.496309182364962742e-01 9.128709291752769017e-01
5.981147743140002165e-02 2.391300445477705372e-01 9.128709291752769017e-01
5.996953181486762430e-02 2.311390847901093615e-01 9.128709291752769017e-01
6.012800386379355683e-02 2.322394881244458920e-01 9.128709291752769017e-01
6.028689468187657663e-02 2.196816803243831773e-01 9.128709291752769017e-01
6.044620537573210800e-02 2.134133847257171090e-01 9.128709291752769017e-01
6.060593705489979166e-02 2.061007324074009273e-01 9.128709291752769017e-01
6.076609083185129101e-02 2.028536360651449488e-01 9.128709291752769017e-01
6.092666782199807063e-02 1.968144134313672966e-01 9.128709291752769017e-01
6.108766914369900131e-02 1.943468413566089015e-01 9.128709291752769017e-01
6.124909591826839528e-02 1.909656337915272006e-01 9.128709291752769017e-01
6.141094926998359738e-02 1.870966734091648043e-01 9.128709291752769017e-01
6.157323032609293700e-02 1.830943756764278063e-01 9.128709291752769017e-01
6.173594021682354827e-02 1.741187175918035568e-01 9.128709291752769017e-01
6.189908007538923868e-02 1.770361562917049658e-01 9.128709291752769017e-01
6.206265103799835786e-02 1.743407820115164264e-01 9.128709291752769017e-01
6.222665424386176342e-02 1.750485741999616429e-01 9.128709291752769017e-01
6.239109083520069654e-02 1.696942192562932161e-01 9.128709291752769017e-01
6.255596195725481035e-02 1.676529533454600152e-01 9.128709291752769017e-01
6.272126875829006631e-02 1.653817949359039086e-01 9.128709291752769017e-01
6.288701238960676954e-02 1.682840417130088972e-01 9.128709291752769017e-01
6.305319400554762477e-02 1.628586417185534374e-01 9.128709291752769017e-01
6.321981476350566065e-02 1.625745461513534162e-01 9.128709291752769017e-01
6.338687582393244535e-02 1.608464153635069116e-01 9.128709291752769017e-01
6.355437835034603855e-02 1.589492589799348932e-01 9.128709291752769017e-01
6.372232350933916545e-02 1.583499174470754944e-01 9.128709291752769017e-01
6.389071247058736303e-02 1.608567074458338020e-01 9.128709291752769017e-01
6.405954640685697365e-02 1.564964956753737979e-01 9.128709291752769017e-01
6.422882649401354116e-02 1.561625156543441084e-01 9.128709291752769017e-01
6.439855391102983218e-02 1.582533339470055533e-01 9.128709291752769017e-01
6.456872983999407956e-02 1.577103787724012385e-01 9.128709291752769017e-01
6.473935546611830905e-02 1.561324089065204979e-01 9.128709291752769017e-01
6.491043197774640228e-02 1.559944909819980241e-01 9.128709291752769017e-01
6.508196056636263160e-02 1.571233387193920750e-01 9.128709291752769017e-01
6.525394242659970923e-02 1.567452288917487446e-01 9.128709291752769017e-01
6.542637875624722488e-02 1.570387574616278481e-01 9.128709291752769017e-01
6.559927075626005577e-02 1.580722055803457926e-01 9.128709291752769017e-01
6.577261963076658224e-02 1.585147054754457718e-01 9.128709291752769017e-01
6.594642658707715321e-02 1.743182712902882903e-01 9.128709291752769017e-01
6.612069283569252387e-02 1.553730091698588833e-01 9.128709291752769017e-01
6.629541959031219622e-02 1.636995911702588957e-01 9.128709291752769017e-01
6.647060806784296783e-02 1.633386797882497299e-01 9.128709291752769017e-01
6.664625948840735559e-02 1.643194338568698676e-01 9.128709291752769017e-01
6.682237507535206122e-02 1.676889744799749393e-01 9.128709291752769017e-01
6.699895605525664488e-02 1.708017501261918647e-01 9.128709291752769017e-01
6.717600365794179629e-02 1.723752645774721259e-01 9.128709291752769017e-01
6.735351911647817491e-02 1.760814265936165302e-01 9.128709291752769017e-01
6.753150366719487541e-02 1.780402049132240871e-01 9.128709291752769017e-01
6.770995854968794858e-02 1.807715266274909360e-01 9.128709291752769017e-01
6.788888500682929705e-02 1.854869578578813849e-01 9.128709291752769017e-01
6.806828428477496029e-02 1.876247742276723196e-01 9.128709291752769017e-01
6.824815763297417681e-02 1.910627913545462631e-01 9.128709291752769017e-01
6.842850630417783575e-02 1.963348164400665896e-01 9.128709291752769017e-01
6.860933155444723375e-02 2.010508470724023111e-01 9.128709291752769017e-01
6.879063464316295673e-02 2.051825428030241150e-01 9.128709291752769017e-01
6.897241683303347026e-02 2.090935255440601881e-01 9.128709291752769017e-01
6.915467939010404297e-02 2.162605619040258720e-01 9.128709291752769017e-01
6.933742358376553117e-02 2.222080759121495830e-01 9.128709291752769017e-01
6.952065068676316351e-02 2.287077004701102978e-01 9.128709291752769017e-01
6.970436197520551991e-02 2.427449380984264826e-01 9.128709291752769017e-01
6.988855872857330231e-02 2.449230320091017321e-01 9.128709291752769017e-01
7.007324222972829975e-02 2.524515025590474138e-01 9.128709291752769017e-01
7.025841376492233947e-02 2.675466655204480904e-01 9.128709291752769017e-01
7.044407462380619656e-02 2.712959711625914094e-01 9.128709291752769017e-01
7.063022609943864216e-02 2.820217475113125372e-01 9.128709291752769017e-01
7.081686948829538086e-02 2.924405529986084384e-01 9.128709291752769017e-01
7.100400609027809895e-02 3.024208650316395630e-01 9.128709291752769017e-01
7.119163720872358214e-02 3.201168189066560532e-01 9.128709291752769017e-01
7.137976415041263900e-02 3.347761473125033249e-01 9.128709291752769017e-01
7.156838822557942681e-02 3.203964169959829245e-01 9.128709291752769017e-01
7.175751074792037498e-02 3.681656959619430958e-01 9.128709291752769017e-01
7.194713303460338605e-02 3.858843191684940832e-01 9.128709291752769017e-01
7.213725640627716151e-02 4.081316596618085879e-01 9.128709291752769017e-01
7.232788218708011141e-02 4.333093645639705116e-01 9.128709291752769017e-01
7.251901170464984669e-02 4.849541923588523984e-01 9.128709291752769017e-01
7.271064629013228309e-02 4.866144256719812100e-01 9.128709291752769017e-01
7.290278727819095306e-02 5.184150352253430460e-01 9.128709291752769017e-01
7.309543600701630395e-02 5.601249128745571237e-01 9.128709291752769017e-01
7.328859381833495446e-02 5.767002876422044899e-01 9.128709291752769017e-01
7.348226205741917316e-02 6.350225105813416260e-01 9.128709291752769017e-01
7.367644207309612114e-02 6.835512912693427756e-01 9.128709291752769017e-01
7.387113521775728886e-02 7.419875568020316559e-01 9.128709291752769017e-01
7.406634284736797469e-02 8.022313042846647146e-01 9.128709291752769017e-01
7.426206632147655529e-02 8.627639870855797755e-01 9.128709291752769017e-01
7.445830700322420004e-02 9.383182391056877902e-01 9.128709291752769017e-01
7.465506625935415530e-02 1.031879452432537425e+00 9.128709291752769017e-01
7.485234546022138946e-02 2.495648633957271656e+00 9.128709291752769017e-01
7.505014597980209923e-02 1.449474460750453719e+00 9.128709291752769017e-01
7.524846919570318815e-02 1.418783292010582064e+00 9.128709291752769017e-01
7.544731648917206435e-02 1.604494920333732200e+00 9.128709291752769017e-01
7.564668924510604964e-02 1.774724861759989336e+00 9.128709291752769017e-01
7.584658885206214951e-02 2.024148955221622526e+00 9.128709291752769017e-01
7.604701670226671206e-02 2.426095770671624408e+00 9.128709291752769017e-01
7.624797419162505918e-02 2.753478009823638661e+00 9.128709291752769017e-01
7.644946271973127039e-02 3.096434868539262197e+00 9.128709291752769017e-01
7.665148368987796668e-02 3.657923736722421104e+00 9.128709291752769017e-01
7.685403850906588619e-02 4.034868437128444896e+00 9.128709291752769017e-01
7.705712858801401499e-02 6.696781709298022633e+00 9.128709291752769017e-01
7.726075534116906562e-02 6.128402555888512460e+00 9.128709291752769017e-01
7.746492018671556623e-02 7.458207040295174117e+00 9.128709291752769017e-01
7.766962454658565829e-02 9.180337944580459819e+00 9.128709291752769017e-01
7.787486984646896371e-02 1.174547238931838855e+01 9.128709291752769017e-01
7.808065751582256298e-02 1.391230356786438094e+01 9.128709291752769017e-01
7.828698898788097327e-02 1.546604135989891127e+01 9.128709291752769017e-01
7.849386569966604332e-02 1.647047956500223620e+01 9.128709291752769017e-01
7.870128909199705647e-02 1.829690289194899933e+01 9.128709291752769017e-01
7.890926060950065324e-02 1.655469920825392549e+01 9.128709291752769017e-01
7.911778170062107318e-02 1.622142501432728423e+01 9.128709291752769017e-01
7.932685381763003585e-02 1.420817351467127843e+01 9.128709291752769017e-01
7.953647841663698259e-02 1.232301333909285823e+01 9.128709291752769017e-01
7.974665695759919348e-02 9.591374509215803812e+00 9.128709291752769017e-01
7.995739090433195972e-02 7.964480294737740884e+00 9.128709291752769017e-01
8.016868172451872832e-02 6.464318500614735008e+00 9.128709291752769017e-01
8.038053088972138549e-02 7.060224228106494415e+00 9.128709291752769017e-01
8.059293987539047077e-02 4.444075349871810410e+00 9.128709291752769017e-01
8.080591016087551592e-02 4.057522975075903204e+00 9.128709291752769017e-01
8.101944322943520349e-02 3.602091518898764555e+00 9.128709291752769017e-01
8.123354056824787228e-02 3.025537230006777101e+00 9.128709291752769017e-01
8.144820366842178694e-02 2.247528366658035015e+00 9.128709291752769017e-01
8.166343402500544912e-02 2.395025546752432177e+00 9.128709291752769017e-01
8.187923313699820016e-02 2.079928421883816547e+00 9.128709291752769017e-01
8.209560250736046283e-02 1.906193830877451534e+00 9.128709291752769017e-01
8.231254364302433013e-02 1.728396891680557435e+00 9.128709291752769017e-01
8.253005805490408464e-02 1.669256592196808775e+00 9.128709291752769017e-01
8.274814725790652359e-02 1.432385568878591808e+00 9.128709291752769017e-01
8.296681277094181128e-02 1.312625586065371719e+00 9.128709291752769017e-01
8.318605611693380419e-02 1.208717381571851046e+00 9.128709291752769017e-01
8.340587882283070909e-02 1.117251924212394609e+00 9.128709291752769017e-01
8.362628241961592157e-02 1.016673548137803307e+00 9.128709291752769017e-01
8.384726844231832343e-02 9.699597358093658972e-01 9.128709291752769017e-01
8.406883843002334322e-02 9.061669578276326797e-01 9.128709291752769017e-01
8.429099392588339235e-02 8.487908342313065235e-01 9.128709291752769017e-01
8.451373647712878689e-02 7.978151842530519788e-01 9.128709291752769017e-01
8.473706763507848905e-02 7.520055069675846138e-01 9.128709291752769017e-01
8.496098895515083460e-02 7.357437559073514155e-01 9.128709291752769017e-01
8.518550199687439928e-02 6.721028087121192485e-01 9.128709291752769017e-01
8.541060832389896218e-02 6.203082794903538311e-01 9.128709291752769017e-01
8.563630950400623332e-02 6.054758423333175266e-01 9.128709291752769017e-01
8.586260710912091421e-02 5.768374336188124563e-01 9.128709291752769017e-01
8.608950271532157805e-02 5.482987009988272709e-01 9.128709291752769017e-01
8.631699790285156382e-02 5.258906285663459412e-01 9.128709291752769017e-01
8.654509425613023110e-02 5.022648808967663525e-01 9.128709291752769017e-01
8.677379336376365992e-02 4.819445285127403333e-01 9.128709291752769017e-01
8.700309681855601662e-02 4.628091540160243489e-01 9.128709291752769017e-01
8.723300621752047568e-02 4.436332811287954092e-01 9.128709291752769017e-01
8.746352316189037746e-02 4.270794337421423559e-01 9.128709291752769017e-01
8.769464925713041370e-02 4.119525850985436555e-01 9.128709291752769017e-01
8.792638611294778528e-02 3.976783391311446980e-01 9.128709291752769017e-01
8.815873534330338768e-02 3.838248640992615313e-01 9.128709291752769017e-01
8.839169856642307976e-02 3.687233042606949951e-01 9.128709291752769017e-01
8.862527740480898031e-02 3.594138653439161168e-01 9.128709291752769017e-01
8.885947348525070899e-02 3.483275854799002258e-01 9.128709291752769017e-01
8.909428843883675231e-02 3.374272179726989229e-01 9.128709291752769017e-01
8.932972390096584336e-02 3.542762056632166034e-01 9.128709291752769017e-01
8.956578151135832777e-02 3.182129029076302684e-01 9.128709291752769017e-01
8.980246291406748793e-02 3.103979587612715751e-01 9.128709291752769017e-01
9.003976975749122813e-02 3.019398811708603469e-01 9.128709291752769017e-01
9.027770369438331555e-02 2.935409722137032329e-01 9.128709291752769017e-01
9.051626638186505147e-02 2.853050424075411207e-01 9.128709291752769017e-01
9.075545948143669273e-02 2.792203674450876583e-01 9.128709291752769017e-01
9.099528465898908125e-02 2.723404257857666710e-01 9.128709291752769017e-01
9.123574358481534308e-02 2.658011568741571740e-01 9.128709291752769017e-01
9.147683793362233751e-02 2.603146430021414659e-01 9.128709291752769017e-01
9.171856938454239772e-02 2.564001313248041036e-01 9.128709291752769017e-01
9.196093962114507137e-02 2.490493764740807914e-01 9.128709291752769017e-01
9.220395033144884733e-02 2.441833773160093368e-01 9.128709291752769017e-01
9.244760320793279917e-02 2.390852241715754889e-01 9.128709291752769017e-01
9.269189994754847839e-02 2.344938195618095356e-01 9.128709291752769017e-01
9.293684225173172442e-02 2.317379363613373822e-01 9.128709291752769017e-01
9.318243182641444688e-02 2.253649951024502829e-01 9.128709291752769017e-01
9.342867038203662988e-02 2.218841779121983881e-01 9.128709291752769017e-01
9.367555963355808646e-02 2.181552167242421791e-01 9.128709291752769017e-01
9.392310130047054617e-02 2.141883915790323556e-01 9.128709291752769017e-01
9.417129710680953447e-02 2.109034999640805041e-01 9.128709291752769017e-01
9.442014878116637699e-02 2.075438142368504213e-01 9.128709291752769017e-01
9.466965805670037037e-02 1.831636964257303823e-01 9.128709291752769017e-01
9.491982667115071715e-02 2.013021627048774409e-01 9.128709291752769017e-01
9.517065636684865493e-02 1.981783828171554407e-01 9.128709291752769017e-01
9.542214889072954398e-02 1.963819957070213340e-01 9.128709291752769017e-01
9.567430599434527394e-02 1.930076118110817529e-01 9.128709291752769017e-01
9.592712943387611546e-02 1.901850236513999426e-01 9.128709291752769017e-01
9.618062097014319634e-02 1.883448884964649406e-01 9.128709291752769017e-01
9.643478236862065844e-02 1.854735353811636511e-01 9.128709291752769017e-01
9.668961539944799510e-02 1.946095671249081505e-01 9.128709291752769017e-01
9.694512183744240230e-02 1.815061564030715779e-01 9.128709291752769017e-01
9.720130346211107442e-02 1.799856113693719395e-01 9.128709291752769017e-01
9.745816205766361096e-02 1.760557695443969450e-01 9.128709291752769017e-01
9.771569941302450657e-02 1.757818597468094046e-01 9.128709291752769017e-01
9.797391732184550228e-02 1.737592324795540488e-01 9.128709291752769017e-01
9.823281758251825591e-02 1.717952870753161887e-01 9.128709291752769017e-01
9.849240199818659613e-02 1.703151654652061142e-01 9.128709291752769017e-01
9.875267237675937337e-02 1.687945795621976219e-01 9.128709291752769017e-01
9.901363053092282485e-02 1.674585359385795114e-01 9.128709291752769017e-01
9.927527827815332828e-02 1.659975022458252680e-01 9.128709291752769017e-01
9.953761744073004458e-02 1.648812926886921160e-01 9.128709291752769017e-01
9.980064984574751885e-02 1.637330979763010896e-01 9.128709291752769017e-01
1.000643773251285035e-01 1.626035172983958943e-01 9.128709291752769017e-01
1.003288017156366979e-01 1.613083334728792617e-01 9.128709291752769017e-01
1.005939248588895440e-01 1.602827730817633078e-01 9.128709291752769017e-01
1.008597486013709799e-01 1.593436593876116636e-01 9.128709291752769017e-01
1.011262747944444151e-01 1.581123007787939294e-01 9.128709291752769017e-01
1.013935052943654713e-01 1.576251689054403438e-01 9.128709291752769017e-01
1.016614419622951515e-01 1.566416672960923850e-01 9.128709291752769017e-01
1.019300866643125525e-01 1.559719611114203652e-01 9.128709291752769017e-01
1.021994412714279932e-01 1.553407982526686659e-01 9.128709291752769017e-01
1.024695076595959903e-01 1.546828253635706696e-01 9.128709291752769017e-01
1.027402877097283590e-01 1.542063216128042313e-01 9.128709291752769017e-01
1.030117833077073691e-01 1.536443916708473689e-01 9.128709291752769017e-01
1.032839963443987347e-01 1.535493707141699915e-01 9.128709291752769017e-01
1.035569287156649088e-01 1.523566930487185167e-01 9.128709291752769017e-01
1.038305823223781982e-01 1.523544247655393702e-01 9.128709291752769017e-01
1.041049590704340722e-01 1.525158611001231623e-01 9.128709291752769017e-01
1.043800608707644573e-01 1.520447629656313804e-01 9.128709291752769017e-01
1.046558896393509352e-01 1.519804322078149861e-01 9.128709291752769017e-01
1.049324472972381350e-01 1.510068978981497778e-01 9.128709291752769017e-01
1.052097357705471942e-01 1.515307503938844724e-01 9.128709291752769017e-01
1.054877569904890677e-01 1.515916012505329757e-01 9.128709291752769017e-01
1.057665128933780313e-01 1.513717567918762830e-01 9.128709291752769017e-01
1.060460054206451425e-01 1.512000491756433918e-01 9.128709291752769017e-01
1.063262365188517855e-01 1.519230718484023412e-01 9.128709291752769017e-01
1.066072081397031746e-01 1.520845478948692486e-01 9.128709291752769017e-01
1.068889222400620925e-01 1.515061183744534079e-01 9.128709291752769017e-01
1.071713807819622971e-01 1.524698376609958383e-01 9.128709291752769017e-01
1.074545857326223708e-01 1.529997658848552267e-01 9.128709291752769017e-01
1.077385390644593072e-01 1.531974495813091808e-01 9.128709291752769017e-01
1.080232427551023749e-01 1.529284478381690571e-01 9.128709291752769017e-01
1.083086987874067458e-01 1.543242748029275413e-01 9.128709291752769017e-01
1.085949091494673863e-01 1.548674827645338259e-01 9.128709291752769017e-01
1.088818758346328935e-01 1.555149480773246329e-01 9.128709291752769017e-01
1.091696008415193320e-01 1.560258694234309962e-01 9.128709291752769017e-01
1.094580861740243188e-01 1.569722400346564295e-01 9.128709291752769017e-01
1.097473338413407218e-01 1.578902499085305389e-01 9.128709291752769017e-01
1.100373458579708419e-01 1.586117113558665193e-01 9.128709291752769017e-01
1.103281242437403886e-01 1.596297162540859238e-01 9.128709291752769017e-01
1.106196710238124964e-01 1.607911703021272787e-01 9.128709291752769017e-01
1.109119882287020048e-01 1.621333707702237448e-01 9.128709291752769017e-01
1.112050778942893503e-01 1.630190121049335528e-01 9.128709291752769017e-01
1.114989420618349297e-01 1.635347388608189567e-01 9.128709291752769017e-01
1.117935827779932279e-01 1.649765672665611249e-01 9.128709291752769017e-01
1.120890020948271254e-01 1.662973311465006376e-01 9.128709291752769017e-01
1.123852020698221793e-01 1.682959420461899724e-01 9.128709291752769017e-01
1.126821847659008891e-01 1.696308351960740535e-01 9.128709291752769017e-01
1.129799522514371712e-01 1.717058808927467428e-01 9.128709291752769017e-01
1.132785066002706398e-01 1.734677321488031221e-01 9.128709291752769017e-01
1.135778498917212331e-01 1.755342655161757359e-01 9.128709291752769017e-01
1.138779842106034390e-01 1.775426624193179592e-01 9.128709291752769017e-01
1.141789116472410881e-01 1.794054507195184944e-01 9.128709291752769017e-01
1.144806342974816621e-01 1.813054498087223187e-01 9.128709291752769017e-01
1.147831542627111151e-01 1.838602543953163637e-01 9.128709291752769017e-01
1.150864736498683483e-01 1.867362259900238741e-01 9.128709291752769017e-01
1.153905945714599202e-01 1.882596527219316529e-01 9.128709291752769017e-01
1.156955191455748266e-01 1.916008024281508071e-01 9.128709291752769017e-01
1.160012494958991558e-01 1.943666138184774461e-01 9.128709291752769017e-01
1.163077877517309927e-01 1.967114453548350073e-01 9.128709291752769017e-01
1.166151360479951299e-01 1.998784402329054355e-01 9.128709291752769017e-01
1.169232965252579998e-01 2.034795452805865934e-01 9.128709291752769017e-01
1.172322713297425795e-01 2.068252549689402753e-01 9.128709291752769017e-01
1.175420626133432817e-01 2.096511080427094775e-01 9.128709291752769017e-01
1.178526725336411229e-01 2.140694729608366154e-01 9.128709291752769017e-01
1.181641032539185038e-01 2.181349991046245551e-01 9.128709291752769017e-01
1.184763569431744185e-01 2.225079215994681947e-01 9.128709291752769017e-01
1.187894357761394987e-01 2.263391568430207779e-01 9.128709291752769017e-01
1.191033419332913068e-01 2.302545703375526442e-01 9.128709291752769017e-01
1.194180776008693101e-01 2.357879739133032782e-01 9.128709291752769017e-01
1.197336449708902434e-01 2.416237023441862031e-01 9.128709291752769017e-01
1.200500462411633051e-01 2.463409194344339803e-01 9.128709291752769017e-01
1.203672836153055065e-01 2.512177529203444282e-01 9.128709291752769017e-01
1.206853593027571031e-01 2.572403166356082571e-01 9.128709291752769017e-01
1.210042755187967917e-01 2.625042860940121625e-01 9.128709291752769017e-01
1.213240344845572249e-01 2.697253133023197469e-01 9.128709291752769017e-01
1.216446384270405551e-01 2.765209821784749833e-01 9.128709291752769017e-01
1.219660895791338379e-01 2.733915268107155461e-01 9.128709291752769017e-01
1.222883901796246869e-01 2.895597520935953573e-01 9.128709291752769017e-01
1.226115424732167614e-01 2.981628292397742186e-01 9.128709291752769017e-01
1.229355487105454475e-01 3.084959205861657616e-01 9.128709291752769017e-01
1.232604111481934994e-01 3.150512391854356498e-01 9.128709291752769017e-01
1.235861320487068871e-01 3.246102048130539708e-01 9.128709291752769017e-01
1.239127136806103674e-01 3.358366964080499173e-01 9.128709291752769017e-01
1.242401583184234160e-01 3.443982775420391662e-01 9.128709291752769017e-01
1.245684682426759643e-01 3.548708381932749178e-01 9.128709291752769017e-01
1.248976457399244011e-01 3.668869223193938489e-01 9.128709291752769017e-01
1.252276931027674345e-01 3.786111320006509406e-01 9.128709291752769017e-01
1.255586126298620653e-01 3.914485755154747393e-01 9.128709291752769017e-01
1.258904066259395049e-01 4.049001271529400481e-01 9.128709291752769017e-01
1.262230774018214541e-01 4.188835049714334513e-01 9.128709291752769017e-01
1.265566272744359511e-01 4.345642268288231191e-01 9.128709291752769017e-01
1.268910585668336921e-01 4.513381975304296412e-01 9.128709291752769017e-01
1.272263736082040742e-01 4.676588060216804177e-01 9.128709291752769017e-01
1.275625747338914873e-01 4.862593603665071318e-01 9.128709291752769017e-01
1.278996642854115795e-01 5.055075877516245209e-01 9.128709291752769017e-01
1.282376446104676049e-01 5.245704746334453050e-01 9.128709291752769017e-01
1.285765180629666327e-01 5.477218554136614737e-01 9.128709291752769017e-01
1.289162870030360897e-01 5.725362532159973261e-01 9.128709291752769017e-01
1.292569537970400806e-01 5.977246695680445976e-01 9.128709291752769017e-01
1.295985208175960135e-01 6.247729638040728783e-01 9.128709291752769017e-01
1.299409904435910035e-01 6.585166907761541566e-01 9.128709291752769017e-01
1.302843650601984704e-01 6.860954764876162626e-01 9.128709291752769017e-01
1.306286470588947091e-01 7.188751040768016631e-01 9.128709291752769017e-01
1.309738388374756812e-01 7.544019061830669060e-01 9.128709291752769017e-01
1.313199428000735858e-01 7.955082133690239976e-01 9.128709291752769017e-01
1.316669613571736508e-01 8.385695748548359640e-01 9.128709291752769017e-01
1.320148969256308980e-01 8.842828966138770452e-01 9.128709291752769017e-01
1.323637519286869901e-01 9.349336315838264744e-01 9.128709291752769017e-01
1.327135287959871068e-01 9.875956000034553650e-01 9.128709291752769017e-01
1.330642299635969306e-01 1.045404473978357451e+00 9.128709291752769017e-01
1.334158578740194945e-01 1.113556875883509489e+00 9.128709291752769017e-01
1.337684149762122243e-01 1.181037679210529490e+00 9.128709291752769017e-01
1.341219037256040358e-01 1.261947616135686623e+00 9.128709291752769017e-01
1.344763265841125432e-01 1.344807959718092860e+00 9.128709291752769017e-01
1.348316860201609069e-01 1.439126428646411604e+00 9.128709291752769017e-01
1.351879845086952636e-01 1.518890547799697011e+00 9.128709291752769017e-01
1.355452245312019077e-01 1.655883820786495875e+00 9.128709291752769017e-01
1.359034085757246102e-01 1.784374036981308143e+00 9.128709291752769017e-01
1.362625391368818550e-01 1.922281754770109430e+00 9.128709291752769017e-01
1.366226187158842698e-01 2.083750301839907948e+00 9.128709291752769017e-01
1.369836498205520281e-01 2.269763269935119787e+00 9.128709291752769017e-01
1.373456349653323916e-01 2.463631344954558600e+00 9.128709291752769017e-01
1.377085766713169457e-01 2.685765256555687763e+00 9.128709291752769017e-01
1.380724774662596965e-01 2.956799265671095522e+00 9.128709291752769017e-01
1.384373398845941405e-01 3.244202485661637159e+00 9.128709291752769017e-01
1.388031664674511112e-01 3.577727146806684022e+00 9.128709291752769017e-01
1.391699597626765150e-01 3.981980840916185205e+00 9.128709291752769017e-01
1.395377223248491505e-01 4.407325207536243461e+00 9.128709291752769017e-01
1.399064567152982774e-01 4.950701963511799697e+00 9.128709291752769017e-01
1.402761655021216303e-01 5.559182410427746746e+00 9.128709291752769017e-01
1.406468512602032095e-01 6.322236827348879373e+00 9.128709291752769017e-01
1.410185165712312672e-01 7.115743266934803302e+00 9.128709291752769017e-01
1.413911640237164036e-01 8.121182831294630589e+00 9.128709291752769017e-01
1.417647962130093031e-01 9.323013887422435531e+00 9.128709291752769017e-01
1.421394157413189974e-01 1.074700059161541077e+01 9.128709291752769017e-01
1.425150252177311005e-01 1.244307664053962981e+01 9.128709291752769017e-01
1.428916272582256008e-01 1.437723989919720324e+01 9.128709291752769017e-01
1.432692244856956509e-01 1.670345874313090917e+01 9.128709291752769017e-01
1.436478195299652205e-01 1.935685746282665676e+01 9.128709291752769017e-01
1.440274150278078591e-01 2.238349071878105789e+01 9.128709291752769017e-01
1.444080136229647648e-01 2.523377901932656187e+01 9.128709291752769017e-01
1.447896179661635752e-01 2.779615672107990321e+01 9.128709291752769017e-01
1.451722307151364078e-01 2.943004028501966118e+01 9.128709291752769017e-01
1.455558545346385124e-01 3.071709706422763730e+01 9.128709291752769017e-01
1.459404920964670060e-01 3.026854784212442340e+01 9.128709291752769017e-01
1.463261460794792190e-01 2.799075153741306465e+01 9.128709291752769017e-01
1.467128191696116246e-01 2.683994261360399136e+01 9.128709291752769017e-01
1.471005140598982408e-01 2.414720041619388269e+01 9.128709291752769017e-01
1.474892334504896707e-01 2.146319925633175529e+01 9.128709291752769017e-01
1.478789800486716433e-01 1.875167721995466152e+01 9.128709291752769017e-01
1.482697565688841368e-01 1.637888287582810776e+01 9.128709291752769017e-01
1.486615657327401419e-01 1.691218585166294375e+01 9.128709291752769017e-01
1.490544102690445072e-01 1.247698107151276403e+01 9.128709291752769017e-01
1.494482929138132021e-01 1.069342486554617722e+01 9.128709291752769017e-01
1.498432164102921071e-01 9.690990047508657668e+00 9.128709291752769017e-01
1.502391835089763872e-01 8.592553243852011136e+00 9.128709291752769017e-01
1.506361969676294488e-01 7.656692912142366580e+00 9.128709291752769017e-01
1.510342595513021191e-01 6.857582100957874793e+00 9.128709291752769017e-01
1.514333740323521305e-01 6.174588312823954261e+00 9.128709291752769017e-01
1.518335431904631883e-01 5.585037883925015656e+00 9.128709291752769017e-01
1.522347698126645110e-01 5.076832736225982856e+00 9.128709291752769017e-01
1.526370566933500927e-01 4.632172976421296440e+00 9.128709291752769017e-01
1.530404066342982705e-01 4.241585835051292719e+00 9.128709291752769017e-01
1.534448224446911258e-01 3.896614887898403268e+00 9.128709291752769017e-01
1.538503069411343294e-01 3.602880948197594968e+00 9.128709291752769017e-01
1.542568629476762654e-01 3.334550558649549412e+00 9.128709291752769017e-01
1.546644932958282093e-01 3.099730906402810238e+00 9.128709291752769017e-01
1.550732008245836735e-01 2.884892615511155611e+00 9.128709291752769017e-01
1.554829883804384472e-01 2.695505391368170578e+00 9.128709291752769017e-01
1.558938588174103024e-01 2.525535814570012416e+00 9.128709291752769017e-01
1.563058149970588118e-01 2.373754644495153165e+00 9.128709291752769017e-01
1.567188597885053603e-01 2.234860230343591159e+00 9.128709291752769017e-01
1.571329960684531013e-01 2.105569930773891762e+00 9.128709291752769017e-01
1.575482267212070520e-01 1.988918484131838360e+00 9.128709291752769017e-01
1.579645546386940491e-01 1.883109031161084079e+00 9.128709291752769017e-01
1.583819827204830111e-01 1.786136369368943155e+00 9.128709291752769017e-01
1.588005138738051436e-01 1.698237760762620452e+00 9.128709291752769017e-01
1.592201510135740072e-01 1.617263660300423123e+00 9.128709291752769017e-01
1.596408970624060564e-01 1.540938834025631143e+00 9.128709291752769017e-01
1.600627549506409009e-01 1.469241977726415183e+00 9.128709291752769017e-01
1.604857276163615398e-01 1.407348643898800544e+00 9.128709291752769017e-01
1.609098180054151783e-01 1.346877061570412648e+00 9.128709291752769017e-01
1.613350290714334057e-01 1.290232448461343440e+00 9.128709291752769017e-01
1.617613637758529566e-01 1.238207337934112751e+00 9.128709291752769017e-01
1.621888250879363613e-01 1.183957867509840334e+00 9.128709291752769017e-01
1.626174159847924294e-01 1.145967078833108221e+00 9.128709291752769017e-01
1.630471394513971217e-01 1.103082815600055611e+00 9.128709291752769017e-01
1.634779984806144781e-01 1.062041775909673413e+00 9.128709291752769017e-01
1.639099960732171291e-01 1.023858763389554838e+00 9.128709291752769017e-01
1.643431352379074450e-01 9.889709569737129558e-01 9.128709291752769017e-01
1.647774189913384646e-01 9.573005302698334162e-01 9.128709291752769017e-01
1.652128503581347108e-01 9.237899293088127628e-01 9.128709291752769017e-01
1.656494323709136185e-01 8.957415534240884547e-01 9.128709291752769017e-01
1.660871680703063236e-01 8.673365860050740173e-01 9.128709291752769017e-01
1.665260605049789511e-01 8.412060089763832016e-01 9.128709291752769017e-01
1.669661127316538207e-01 8.166388934188552051e-01 9.128709291752769017e-01
1.674073278151309296e-01 7.898500409261148825e-01 9.128709291752769017e-01
1.678497088283090466e-01 7.704508613599406752e-01 9.128709291752769017e-01
1.682932588522071116e-01 7.488764616606207181e-01 9.128709291752769017e-01
1.687379809759859128e-01 7.280805520134647768e-01 9.128709291752769017e-01
1.691838782969694033e-01 7.100645710925875820e-01 9.128709291752769017e-01
1.696309539206664885e-01 6.937773619025339178e-01 9.128709291752769017e-01
1.700792109607923430e-01 6.738975517136821525e-01 9.128709291752769017e-01
1.705286525392903374e-01 6.594743831623767205e-01 9.128709291752769017e-01
1.709792817863537151e-01 6.414955927170007399e-01 9.128709291752769017e-01
1.714311018404473252e-01 6.249767436767296180e-01 9.128709291752769017e-01
1.718841158483297160e-01 6.116566312398113991e-01 9.128709291752769017e-01
1.723383269650747007e-01 5.973937248513396803e-01 9.128709291752769017e-01
1.727937383540935623e-01 5.855099471052289672e-01 9.128709291752769017e-01
1.732503531871570357e-01 5.724065691794104627e-01 9.128709291752769017e-01
1.737081746444174291e-01 5.590326970895586056e-01 9.128709291752769017e-01
1.741672059144307450e-01 5.473375093979093720e-01 9.128709291752769017e-01
1.746274501941788015e-01 5.366888869440245013e-01 9.128709291752769017e-01
1.750889106890916314e-01 5.251868204385118366e-01 9.128709291752769017e-01
1.755515906130697135e-01 5.147420583074439060e-01 9.128709291752769017e-01
1.760154931885065388e-01 5.052459110633279460e-01 9.128709291752769017e-01
1.764806216463107313e-01 4.951723935238251939e-01 9.128709291752769017e-01
1.769469792259287799e-01 4.865711678610336044e-01 9.128709291752769017e-01
1.774145691753676313e-01 4.776077460438506450e-01 9.128709291752769017e-01
1.778833947512170610e-01 4.691492991767397536e-01 9.128709291752769017e-01
1.783534592186727663e-01 4.595426558697179864e-01 9.128709291752769017e-01
1.788247658515586258e-01 4.523135395672062686e-01 9.128709291752769017e-01
1.792973179323499033e-01 4.453501912437493049e-01 9.128709291752769017e-01
1.797711187521958132e-01 4.351975502146894770e-01 9.128709291752769017e-01
1.802461716109426682e-01 4.298885687524455212e-01 9.128709291752769017e-01
1.807224798171567781e-01 4.228110293294443101e-01 9.128709291752769017e-01
1.812000466881473482e-01 4.164351157053687302e-01 9.128709291752769017e-01
1.816788755499899044e-01 4.092295454433255153e-01 9.128709291752769017e-01
1.821589697375490258e-01 4.037879546272186149e-01 9.128709291752769017e-01
1.826403325945021305e-01 3.983947396235841265e-01 9.128709291752769017e-01
1.831229674733621526e-01 3.910851136665041694e-01 9.128709291752769017e-01
1.836068777355013282e-01 3.861090709658904774e-01 9.128709291752769017e-01
1.840920667511744546e-01 3.811397147800144047e-01 9.128709291752769017e-01
1.845785378995423720e-01 3.746785557147923051e-01 9.128709291752769017e-01
1.850662945686954719e-01 3.696504228992416041e-01 9.128709291752769017e-01
1.855553401556773174e-01 3.647375895748493635e-01 9.128709291752769017e-01
1.860456780665083465e-01 3.596233020662669144e-01 9.128709291752769017e-01
1.865373117162094085e-01 3.537784466053418009e-01 9.128709291752769017e-01
1.870302445288259396e-01 3.501483794923581638e-01 9.128709291752769017e-01
1.875244799374514160e-01 3.454662144850370042e-01 9.128709291752769017e-01
1.880200213842513346e-01 3.410308696907483617e-01 9.128709291752769017e-01
1.885168723204874441e-01 3.367949975712941635e-01 9.128709291752769017e-01
1.890150362065413925e-01 3.330124942260446197e-01 9.128709291752769017e-01
1.895145165119392350e-01 3.283009267067300563e-01 9.128709291752769017e-01
1.900153167153753042e-01 3.246144126989516376e-01 9.128709291752769017e-01
1.905174403047365239e-01 3.200864470948061591e-01 9.128709291752769017e-01
1.910208907771266673e-01 3.173921062932194004e-01 9.128709291752769017e-01
1.915256716388908653e-01 3.136621791782742141e-01 9.128709291752769017e-01
1.920317864056398649e-01 3.090583423583930789e-01 9.128709291752769017e-01
1.925392386022745095e-01 3.054516258582248844e-01 9.128709291752769017e-01
1.930480317630103859e-01 3.027740361761023236e-01 9.128709291752769017e-01
1.935581694314023882e-01 2.999837272727290949e-01 9.128709291752769017e-01
1.940696551603695030e-01 2.966840569880013767e-01 9.128709291752769017e-01
1.945824925122193183e-01 2.917741340632634683e-01 9.128709291752769017e-01
1.950966850586730306e-01 2.886934447716409946e-01 9.128709291752769017e-01
1.956122363808901754e-01 2.870361420015811738e-01 9.128709291752769017e-01
1.961291500694939127e-01 2.844458565072043310e-01 9.128709291752769017e-01
1.966474297245954517e-01 2.815763641138342988e-01 9.128709291752769017e-01
1.971670789558196690e-01 2.801813134455306553e-01 9.128709291752769017e-01
1.976881013823299504e-01 2.759699922645287851e-01 9.128709291752769017e-01
1.982105006328533925e-01 2.742098846276120327e-01 9.128709291752769017e-01
1.987342803457063656e-01 2.706662818947586091e-01 9.128709291752769017e-01
1.992594441688195495e-01 2.684561767133608612e-01 9.128709291752769017e-01
1.997859957597633018e-01 2.654455763689441139e-01 9.128709291752769017e-01
2.003139387857734710e-01 2.635752727338207535e-01 9.128709291752769017e-01
2.008432769237765703e-01 2.610571652788701291e-01 9.128709291752769017e-01
2.013740138604157015e-01 2.586436660427071099e-01 9.128709291752769017e-01
2.019061532920759794e-01 2.564170496213440398e-01 9.128709291752769017e-01
2.024396989249103440e-01 2.543028232176217651e-01 9.128709291752769017e-01
2.029746544748654846e-01 2.526288023820935091e-01 9.128709291752769017e-01
2.035110236677076245e-01 2.502968178310442382e-01 9.128709291752769017e-01
2.040488102390484448e-01 2.481946307827284370e-01 9.128709291752769017e-01
2.045880179343711747e-01 2.459877014152400121e-01 9.128709291752769017e-01
2.051286505090566259e-01 2.440184388094371049e-01 9.128709291752769017e-01
2.056707117284092556e-01 2.417993886858880725e-01 9.128709291752769017e-01
2.062142053676838116e-01 2.450149335029497277e-01 9.128709291752769017e-01
2.067591352121109782e-01 2.383354688567978219e-01 9.128709291752769017e-01
2.073055050569242719e-01 2.372231382718937021e-01 9.128709291752769017e-01
2.078533187073861310e-01 2.347495423519967706e-01 9.128709291752769017e-01
2.084025799788146727e-01 2.321635350408475795e-01 9.128709291752769017e-01
2.089532926966101989e-01 2.316768306161863522e-01 9.128709291752769017e-01
2.095054606962816479e-01 2.265311583075136914e-01 9.128709291752769017e-01
2.100590878234735170e-01 2.281474787756903044e-01 9.128709291752769017e-01
2.106141779339925912e-01 2.262264525429869833e-01 9.128709291752769017e-01
2.111707348938348661e-01 2.247633021985032120e-01 9.128709291752769017e-01
2.117287625792122763e-01 2.230872801831313978e-01 9.128709291752769017e-01
2.122882648765798685e-01 2.214790081765373730e-01 9.128709291752769017e-01
2.128492456826627799e-01 2.199981587261305715e-01 9.128709291752769017e-01
2.134117089044833826e-01 2.190114822118127413e-01 9.128709291752769017e-01
2.139756584593887068e-01 2.170362225186238669e-01 9.128709291752769017e-01
2.145410982750773077e-01 2.173580938902611448e-01 9.128709291752769017e-01
2.151080322896270214e-01 2.144029647003662664e-01 9.128709291752769017e-01
2.156764644515219986e-01 2.128958638932939296e-01 9.128709291752769017e-01
2.162463987196807658e-01 2.115365856708229797e-01 9.128709291752769017e-01
2.168178390634832031e-01 2.100751699402973738e-01 9.128709291752769017e-01
2.173907894627984949e-01 2.088428211526464073e-01 9.128709291752769017e-01
2.179652539080128570e-01 2.074441468692257984e-01 9.128709291752769017e-01
2.185412364000571539e-01 2.063045978182405926e-01 9.128709291752769017e-01
2.191187409504350703e-01 2.051172809705200939e-01 9.128709291752769017e-01
2.196977715812507559e-01 2.038620675274483984e-01 9.128709291752769017e-01
2.202783323252368586e-01 2.028380719084533490e-01 9.128709291752769017e-01
2.208604272257828627e-01 2.015821083951995774e-01 9.128709291752769017e-01
2.214440603369628446e-01 2.000417053429416336e-01 9.128709291752769017e-01
2.220292357235642833e-01 1.966311438924601140e-01 9.128709291752769017e-01
2.226159574611157876e-01 2.000002914365468509e-01 9.128709291752769017e-01
2.232042296359157407e-01 1.970134455180586608e-01 9.128709291752769017e-01
2.237940563450607767e-01 1.954774467471241950e-01 9.128709291752769017e-01
2.243854416964743692e-01 1.948206823336210980e-01 9.128709291752769017e-01
2.249783898089352252e-01 1.937552226028619873e-01 9.128709291752769017e-01
2.255729048121061786e-01 1.926578797203629123e-01 9.128709291752769017e-01
2.261689908465628063e-01 1.916374874828043751e-01 9.128709291752769017e-01
2.267666520638223215e-01 1.908675023806800375e-01 9.128709291752769017e-01
2.273658926263727176e-01 1.907668732967701675e-01 9.128709291752769017e-01
2.279667167077012724e-01 1.887045526567587561e-01 9.128709291752769017e-01
2.285691284923239974e-01 1.878179312372004195e-01 9.128709291752769017e-01
2.291731321758145590e-01 1.869025802607787168e-01 9.128709291752769017e-01
2.297787319648339210e-01 1.859554612529443485e-01 9.128709291752769017e-01
2.303859320771589336e-01 1.850604888187442898e-01 9.128709291752769017e-01
2.309947367417123087e-01 1.839692949386803611e-01 9.128709291752769017e-01
2.316051501985918748e-01 1.832367718541471902e-01 9.128709291752769017e-01
2.322171766990999697e-01 1.823482421308040557e-01 9.128709291752769017e-01
2.328308205057733893e-01 1.813396467056410111e-01 9.128709291752769017e-01
2.334460858924126969e-01 1.807471754547875231e-01 9.128709291752769017e-01
2.340629771441121443e-01 1.800602405058378264e-01 9.128709291752769017e-01
2.346814985572897028e-01 1.790771258446784975e-01 9.128709291752769017e-01
2.353016544397165677e-01 1.783846939453934688e-01 9.128709291752769017e-01
2.359234491105476339e-01 1.774452412778775023e-01 9.128709291752769017e-01
2.365468869003512775e-01 1.766405351685085834e-01 9.128709291752769017e-01
2.371719721511394152e-01 1.758994078594389998e-01 9.128709291752769017e-01
2.377987092163981186e-01 1.750795321604802224e-01 9.128709291752769017e-01
2.384271024611177570e-01 1.742785734700046107e-01 9.128709291752769017e-01
2.390571562618231671e-01 1.736883769943510514e-01 9.128709291752769017e-01
2.396888750066045182e-01 1.730562712663190061e-01 9.128709291752769017e-01
2.403222630951476479e-01 1.722874263935367800e-01 9.128709291752769017e-01
2.409573249387646499e-01 1.713695325338626674e-01 9.128709291752769017e-01
2.415940649604249035e-01 1.707000455305847930e-01 9.128709291752769017e-01
2.422324875947854950e-01 1.700575152471456852e-01 9.128709291752769017e-01
2.428725972882223583e-01 1.692067599458023375e-01 9.128709291752769017e-01
2.435143984988610844e-01 1.687152887898457354e-01 9.128709291752769017e-01
2.441578956966082570e-01 1.677244708378546056e-01 9.128709291752769017e-01
2.448030933631821504e-01 1.673500532202853441e-01 9.128709291752769017e-01
2.454499959921442875e-01 1.667165610126286335e-01 9.128709291752769017e-01
2.460986080889305538e-01 1.661235012142944223e-01 9.128709291752769017e-01
2.467489341708827000e-01 1.655232307708935924e-01 9.128709291752769017e-01
2.474009787672797334e-01 1.650180005159511132e-01 9.128709291752769017e-01
2.480547464193695040e-01 1.642364096356853653e-01 9.128709291752769017e-01
2.487102416804002070e-01 1.636380043279994922e-01 9.128709291752769017e-01
2.493674691156523016e-01 1.631512895932030471e-01 9.128709291752769017e-01
2.500264333024700414e-01 1.626368217114875780e-01 9.128709291752769017e-01
2.506871388302936987e-01 1.622553708222543578e-01 9.128709291752769017e-01
2.513495903006912613e-01 1.612990310892780110e-01 9.128709291752769017e-01
2.520137923273905178e-01 1.604172109194344775e-01 9.128709291752769017e-01
2.526797495363111712e-01 1.601631714477153301e-01 9.128709291752769017e-01
2.533474665655973679e-01 1.595628617139016048e-01 9.128709291752769017e-01
2.540169480656495060e-01 1.591727416506722170e-01 9.128709291752769017e-01
2.546881986991568758e-01 1.551811948009950703e-01 9.128709291752769017e-01
2.553612231411302447e-01 1.576345977845080570e-01 9.128709291752769017e-01
2.560360260789341647e-01 1.575162241457147838e-01 9.128709291752769017e-01
2.567126122123199461e-01 1.569773901582599274e-01 9.128709291752769017e-01
2.573909862534580761e-01 1.563869988575355141e-01 9.128709291752769017e-01
2.580711529269710258e-01 1.559361146565296230e-01 9.128709291752769017e-01
2.587531169699664457e-01 1.556428879621043482e-01 9.128709291752769017e-01
2.594368831320699731e-01 1.546302494600272914e-01 9.128709291752769017e-01
2.601224561754583164e-01 1.545621098973526120e-01 9.128709291752769017e-01
2.608098408748923958e-01 1.539734452380941143e-01 9.128709291752769017e-01
2.614990420177507047e-01 1.534628223087031451e-01 9.128709291752769017e-01
2.621900644040625616e-01 1.530690187599478003e-01 9.128709291752769017e-01
2.628829128465416387e-01 1.525192169543764797e-01 9.128709291752769017e-01
2.635775921706192682e-01 1.518597271888187938e-01 9.128709291752769017e-01
2.642741072144783043e-01 1.514407193522230022e-01 9.128709291752769017e-01
2.649724628290866524e-01 1.518652494709415435e-01 9.128709291752769017e-01
2.656726638782310190e-01 1.514823577840439806e-01 9.128709291752769017e-01
2.663747152385511630e-01 1.507749561867142429e-01 9.128709291752769017e-01
2.670786217995733125e-01 1.492590412082056561e-01 9.128709291752769017e-01
2.677843884637444716e-01 1.496547083924056887e-01 9.128709291752769017e-01
2.684920201464667255e-01 1.489851109858581490e-01 9.128709291752769017e-01
2.692015217761313250e-01 1.484871081932520598e-01 9.128709291752769017e-01
2.699128982941527699e-01 1.481930397542731426e-01 9.128709291752769017e-01
2.706261546550036701e-01 1.478927915981553542e-01 9.128709291752769017e-01
2.713412958262490515e-01 1.473722234088432337e-01 9.128709291752769017e-01
2.720583267885807732e-01 1.467864417655445064e-01 9.128709291752769017e-01
2.727772525358525546e-01 1.440179683920323195e-01 9.128709291752769017e-01
2.734980780751144480e-01 1.465828533971560987e-01 9.128709291752769017e-01
2.742208084266480328e-01 1.462606179039699361e-01 9.128709291752769017e-01
2.749454486240009987e-01 1.456498669132807733e-01 9.128709291752769017e-01
2.756720037140225621e-01 1.444530537070476128e-01 9.128709291752769017e-01
2.764004787568982713e-01 1.446013260325547389e-01 9.128709291752769017e-01
2.771308788261855338e-01 1.444381579675053373e-01 9.128709291752769017e-01
2.778632090088490880e-01 1.438493772740672694e-01 9.128709291752769017e-01
2.785974744052956420e-01 1.439432088217391936e-01 9.128709291752769017e-01
2.793336801294106220e-01 1.432797182888907173e-01 9.128709291752769017e-01
2.800718313085923672e-01 1.433278705029669420e-01 9.128709291752769017e-01
2.808119330837890448e-01 1.423405392988304208e-01 9.128709291752769017e-01
2.815539906095343436e-01 1.417222615555163989e-01 9.128709291752769017e-01
2.822980090539820575e-01 1.420207711784242655e-01 9.128709291752769017e-01
2.830439935989439992e-01 1.415153082474329138e-01 9.128709291752769017e-01
2.837919494399244735e-01 1.410244751929772000e-01 9.128709291752769017e-01
2.845418817861575245e-01 1.408683670140732369e-01 9.128709291752769017e-01
2.852937958606427959e-01 1.401219717171471035e-01 9.128709291752769017e-01
2.860476969001816139e-01 1.401692042801133131e-01 9.128709291752769017e-01
2.868035901554142342e-01 1.397715552052107846e-01 9.128709291752769017e-01
2.875614808908554254e-01 1.394674344247484321e-01 9.128709291752769017e-01
2.883213743849319943e-01 1.392494285231097861e-01 9.128709291752769017e-01
2.890832759300195343e-01 1.387839958996694434e-01 9.128709291752769017e-01
2.898471908324780633e-01 1.391370521220244572e-01 9.128709291752769017e-01
2.906131244126907709e-01 1.381897721277386970e-01 9.128709291752769017e-01
2.913810820050998784e-01 1.381383667039899343e-01 9.128709291752769017e-01
2.921510689582437759e-01 1.375799278375557932e-01 9.128709291752769017e-01
2.929230906347951024e-01 1.373283912069057644e-01 9.128709291752769017e-01
2.936971524115971621e-01 1.368619123950455263e-01 9.128709291752769017e-01
2.944732596797021151e-01 1.368966052884317830e-01 9.128709291752769017e-01
2.952514178444081705e-01 1.365291329076915583e-01 9.128709291752769017e-01
2.960316323252969450e-01 1.363055399982751881e-01 9.128709291752769017e-01
2.968139085562720991e-01 1.359611515366116186e-01 9.128709291752769017e-01
2.975982519855959740e-01 1.359284230132651317e-01 9.128709291752769017e-01
2.983846680759285608e-01 1.353192066867408838e-01 9.128709291752769017e-01
2.991731623043653032e-01 1.351157723021906565e-01 9.128709291752769017e-01
2.999637401624745126e-01 1.347722658321078848e-01 9.128709291752769017e-01
3.007564071563370023e-01 1.346050740216837016e-01 9.128709291752769017e-01
3.015511688065829476e-01 1.342888628538506102e-01 9.128709291752769017e-01
3.023480306484312985e-01 1.341064317202873557e-01 9.128709291752769017e-01
3.031469982317283041e-01 1.337783137428281977e-01 9.128709291752769017e-01
3.039480771209853160e-01 1.335133764836804460e-01 9.128709291752769017e-01
3.047512728954188677e-01 1.331152512671247012e-01 9.128709291752769017e-01
3.055565911489880881e-01 1.329940011655693644e-01 9.128709291752769017e-01
3.063640374904349484e-01 1.327342346241775772e-01 9.128709291752769017e-01
3.071736175433226190e-01 1.324960427104782679e-01 9.128709291752769017e-01
3.079853369460744950e-01 1.321727763275563905e-01 9.128709291752769017e-01
3.087992013520139967e-01 1.318539440134562091e-01 9.128709291752769017e-01
3.096152164294038722e-01 1.317648639464550631e-01 9.128709291752769017e-01
3.104333878614849995e-01 1.315192583835762818e-01 9.128709291752769017e-01
3.112537213465169650e-01 1.312685713250158481e-01 9.128709291752769017e-01
3.120762225978168658e-01 1.327208287404187392e-01 9.128709291752769017e-01
3.129008973437996666e-01 1.307423171730977274e-01 9.128709291752769017e-01
3.137277513280180008e-01 1.306509694193032645e-01 9.128709291752769017e-01
3.145567903092018058e-01 1.303753576468154596e-01 9.128709291752769017e-01
3.153880200612991236e-01 1.300864999710276138e-01 9.128709291752769017e-01
3.162214463735152914e-01 1.299431835187337125e-01 9.128709291752769017e-01
3.170570750503545199e-01 1.296747015156051452e-01 9.128709291752769017e-01
3.178949119116594169e-01 1.307140586125637438e-01 9.128709291752769017e-01
3.187349627926513995e-01 1.291614750307896464e-01 9.128709291752769017e-01
3.195772335439724943e-01 1.294121763178088524e-01 9.128709291752769017e-01
3.204217300317244166e-01 1.288335853696799815e-01 9.128709291752769017e-01
3.212684581375109816e-01 1.286522892696150278e-01 9.128709291752769017e-01
3.221174237584782940e-01 1.284486231356376240e-01 9.128709291752769017e-01
3.229686328073554380e-01 1.267951384088556177e-01 9.128709291752769017e-01
3.238220912124967210e-01 1.257795238495646728e-01 9.128709291752769017e-01
3.246778049179219749e-01 1.275950231140622892e-01 9.128709291752769017e-01
3.255357798833584670e-01 1.279498851202686693e-01 9.128709291752769017e-01
3.263960220842827553e-01 1.285956853732778404e-01 9.128709291752769017e-01
3.272585375119608231e-01 1.271217892179905273e-01 9.128709291752769017e-01
3.281233321734919328e-01 1.268956505300194715e-01 9.128709291752769017e-01
3.289904120918488162e-01 1.268217459115772716e-01 9.128709291752769017e-01
3.298597833059200291e-01 1.259573564524916756e-01 9.128709291752769017e-01
3.307314518705525841e-01 1.262399085169022550e-01 9.128709291752769017e-01
3.316054238565931955e-01 1.260669460155539323e-01 9.128709291752769017e-01
3.324817053509314668e-01 1.261553375462493576e-01 9.128709291752769017e-01
3.333603024565418016e-01 1.260880329883118933e-01 9.128709291752769017e-01
3.342412212925255921e-01 1.256517288648653086e-01 9.128709291752769017e-01
3.351244679941548510e-01 1.254429631066121542e-01 9.128709291752769017e-01
3.360100487129135671e-01 1.261999217751608171e-01 9.128709291752769017e-01
3.368979696165419480e-01 1.245873184241628323e-01 9.128709291752769017e-01
3.377882368890785525e-01 1.248816759860007231e-01 9.128709291752769017e-01
3.386808567309031459e-01 1.247707680743696257e-01 9.128709291752769017e-01
3.395758353587808309e-01 1.246179933220895875e-01 9.128709291752769017e-01
3.404731790059041252e-01 1.244284117245740007e-01 9.128709291752769017e-01
3.413728939219375369e-01 1.244060690053340468e-01 9.128709291752769017e-01
3.422749863730607522e-01 1.240848586471900855e-01 9.128709291752769017e-01
3.431794626420113237e-01 1.240843351578359427e-01 9.128709291752769017e-01
3.440863290281300779e-01 1.237411065633175627e-01 9.128709291752769017e-01
3.449955918474032490e-01 1.236203185566651652e-01 9.128709291752769017e-01
3.459072574325080529e-01 1.231717816303758289e-01 9.128709291752769017e-01
3.468213321328559307e-01 1.225552767615323141e-01 9.128709291752769017e-01
3.477378223146365688e-01 1.230896634420129143e-01 9.128709291752769017e-01
3.486567343608629743e-01 1.226215299548599896e-01 9.128709291752769017e-01
3.495780746714151621e-01 1.227404924985219387e-01 9.128709291752769017e-01
3.505018496630854519e-01 1.224113120001846383e-01 9.128709291752769017e-01
3.514280657696228771e-01 1.222676571116056016e-01 9.128709291752769017e-01
3.523567294417773166e-01 1.224262223070920613e-01 9.128709291752769017e-01
3.532878471473457349e-01 1.221622982835039173e-01 9.128709291752769017e-01
3.542214253712162586e-01 1.221738784057491006e-01 9.128709291752769017e-01
3.551574706154132510e-01 1.218283494660317989e-01 9.128709291752769017e-01
3.560959893991437752e-01 1.215716111780863473e-01 9.128709291752769017e-01
3.570369882588411148e-01 1.215274071702307501e-01 9.128709291752769017e-01
3.579804737482123467e-01 1.214499664286014108e-01 9.128709291752769017e-01
3.589264524382825838e-01 1.209061881245693110e-01 9.128709291752769017e-01
3.598749309174408828e-01 1.210019094440476090e-01 9.128709291752769017e-01
3.608259157914869841e-01 1.209378255373835531e-01 9.128709291752769017e-01
3.617794136836761099e-01 1.208333193890253621e-01 9.128709291752769017e-01
3.627354312347660370e-01 1.206958359682006598e-01 9.128709291752769017e-01
3.636939751030634493e-01 1.205471145627350499e-01 9.128709291752769017e-01
3.646550519644689015e-01 1.203908868535062821e-01 9.128709291752769017e-01
3.656186685125253355e-01 1.202480527240796654e-01 9.128709291752769017e-01
3.665848314584627121e-01 1.199948272912932379e-01 9.128709291752769017e-01
3.675535475312464717e-01 1.199623634913929843e-01 9.128709291752769017e-01
3.685248234776234422e-01 1.197919318797164567e-01 9.128709291752769017e-01
3.694986660621686347e-01 1.196629911682712266e-01 9.128709291752769017e-01
3.704750820673333722e-01 1.195368751877721736e-01 9.128709291752769017e-01
3.714540782934910856e-01 1.194762283991052942e-01 9.128709291752769017e-01
3.724356615589862196e-01 1.193327328970354290e-01 9.128709291752769017e-01
3.734198387001808617e-01 1.192207781823891311e-01 9.128709291752769017e-01
3.744066165715019823e-01 1.190895134707223024e-01 9.128709291752769017e-01
3.753960020454901181e-01 1.190764383472491111e-01 9.128709291752769017e-01
3.763880020128469450e-01 1.188840819170982888e-01 9.128709291752769017e-01
3.773826233824824072e-01 1.186389879765029770e-01 9.128709291752769017e-01
3.783798730815644551e-01 1.185629344750488146e-01 9.128709291752769017e-01
3.793797580555653415e-01 1.184088766633512035e-01 9.128709291752769017e-01
3.803822852683119704e-01 1.182712506797011232e-01 9.128709291752769017e-01
3.813874617020331925e-01 1.181477523773119820e-01 9.128709291752769017e-01
3.823952943574080998e-01 1.181741358890867899e-01 9.128709291752769017e-01
3.834057902536162077e-01 1.178503963190943166e-01 9.128709291752769017e-01
