2.738612787525830303e-02 2.968161838370292349e-01 1.825741858350553670e+01
2.745849688774178524e-02 2.965107056683145559e-01 1.825741858350553670e+01
2.753105713843142024e-02 2.985714946278352211e-01 1.825741858350553670e+01
2.760380913268230263e-02 2.932258563713971977e-01 1.825741858350553670e+01
2.767675337718500730e-02 2.932315063179679604e-01 1.825741858350553670e+01
2.774989037996901386e-02 2.923535610557195796e-01 1.825741858350553670e+01
2.782322065040631828e-02 2.947330127069834882e-01 1.825741858350553670e+01
2.789674469921496480e-02 2.998125526797478790e-01 1.825741858350553670e+01
2.797046303846255355e-02 2.876430262019873396e-01 1.825741858350553670e+01
2.804437618156989040e-02 2.866241397314740480e-01 1.825741858350553670e+01
2.811848464331445988e-02 2.864406089823618995e-01 1.825741858350553670e+01
2.819278893983413053e-02 2.838559989881383472e-01 1.825741858350553670e+01
2.826728958863066257e-02 2.822724027912633105e-01 1.825741858350553670e+01
2.834198710857330564e-02 2.816305753374219734e-01 1.825741858350553670e+01
2.841688201990248686e-02 2.797480499787296515e-01 1.825741858350553670e+01
2.849197484423339477e-02 2.799178141141964726e-01 1.825741858350553670e+01
2.856726610455954593e-02 2.779581314133394154e-01 1.825741858350553670e+01
2.864275632525657700e-02 2.762990226090140111e-01 1.825741858350553670e+01
2.871844603208573155e-02 2.779364340455271476e-01 1.825741858350553670e+01
2.879433575219763480e-02 2.751759691018784149e-01 1.825741858350553670e+01
2.887042601413596088e-02 2.748576102012651456e-01 1.825741858350553670e+01
2.894671734784101322e-02 2.738045819276308523e-01 1.825741858350553670e+01
2.902321028465355141e-02 2.726658899689288207e-01 1.825741858350553670e+01
2.909990535731837163e-02 2.730998171827999088e-01 1.825741858350553670e+01
2.917680309998810576e-02 2.726187995831401145e-01 1.825741858350553670e+01
2.925390404822691276e-02 2.718766230534760409e-01 1.825741858350553670e+01
2.933120873901415640e-02 2.721401002340892994e-01 1.825741858350553670e+01
2.940871771074825627e-02 2.717941354792376418e-01 1.825741858350553670e+01
2.948643150325030646e-02 2.718119402528034190e-01 1.825741858350553670e+01
2.956435065776794741e-02 2.721937015680633287e-01 1.825741858350553670e+01
2.964247571697909561e-02 2.733711336684249149e-01 1.825741858350553670e+01
2.972080722499565938e-02 2.710956376944770874e-01 1.825741858350553670e+01
2.979934572736745932e-02 2.738548004512988410e-01 1.825741858350553670e+01
2.987809177108588857e-02 2.741024377133808310e-01 1.825741858350553670e+01
2.995704590458782984e-02 2.756719947466123588e-01 1.825741858350553670e+01
3.003620867775944406e-02 2.759098298345455391e-01 1.825741858350553670e+01
3.011558064193993467e-02 2.848119657598592314e-01 1.825741858350553670e+01
3.019516234992550979e-02 2.790204614801320426e-01 1.825741858350553670e+01
3.027495435597309797e-02 2.833663004551914000e-01 1.825741858350553670e+01
3.035495721580432418e-02 2.813792602537706911e-01 1.825741858350553670e+01
3.043517148660933661e-02 2.827186882098368104e-01 1.825741858350553670e+01
3.051559772705062651e-02 2.836853299924489424e-01 1.825741858350553670e+01
3.059623649726702851e-02 2.858055348856874400e-01 1.825741858350553670e+01
3.067708835887756474e-02 2.876782000671946893e-01 1.825741858350553670e+01
3.075815387498530978e-02 2.885602842032539694e-01 1.825741858350553670e+01
3.083943361018143606e-02 2.911109806083650997e-01 1.825741858350553670e+01
3.092092813054899553e-02 2.916912001174119529e-01 1.825741858350553670e+01
3.100263800366699282e-02 3.051864884876245854e-01 1.825741858350553670e+01
3.108456379861428837e-02 2.957302470337194733e-01 1.825741858350553670e+01
3.116670608597350151e-02 2.973190130117327468e-01 1.825741858350553670e+01
3.124906543783510793e-02 2.981633799618001457e-01 1.825741858350553670e+01
3.133164242780130115e-02 2.991834309596971275e-01 1.825741858350553670e+01
3.141443763099006914e-02 3.012496840101235862e-01 1.825741858350553670e+01
3.149745162403919801e-02 3.027822633640273597e-01 1.825741858350553670e+01
3.158068498511019950e-02 3.045459924078469105e-01 1.825741858350553670e+01
3.166413829389248119e-02 3.041636746762099164e-01 1.825741858350553670e+01
3.174781213160721843e-02 3.029904752216287522e-01 1.825741858350553670e+01
3.183170708101156626e-02 3.061583322355989067e-01 1.825741858350553670e+01
3.191582372640260068e-02 3.079937975863543675e-01 1.825741858350553670e+01
3.200016265362142648e-02 3.077579273218766787e-01 1.825741858350553670e+01
3.208472445005728507e-02 3.072806274620362155e-01 1.825741858350553670e+01
3.216950970465156517e-02 3.075569601944178610e-01 1.825741858350553670e+01
3.225451900790202164e-02 3.079036958897889975e-01 1.825741858350553670e+01
3.233975295186680005e-02 2.919595236982656661e-01 1.825741858350553670e+01
3.242521213016855836e-02 3.079445241989017812e-01 1.825741858350553670e+01
3.251089713799866499e-02 3.071643458056096954e-01 1.825741858350553670e+01
3.259680857212131355e-02 3.033838301436544982e-01 1.825741858350553670e+01
3.268294703087760988e-02 3.049405613346595212e-01 1.825741858350553670e+01
3.276931311418988108e-02 3.047534259546357260e-01 1.825741858350553670e+01
3.285590742356571392e-02 3.050703710573273164e-01 1.825741858350553670e+01
3.294273056210222234e-02 3.036120787370567009e-01 1.825741858350553670e+01
3.302978313449028008e-02 3.055051110113427004e-01 1.825741858350553670e+01
3.311706574701858002e-02 3.013273056408137807e-01 1.825741858350553670e+01
3.320457900757806807e-02 2.998351700571792455e-01 1.825741858350553670e+01
3.329232352566596775e-02 2.989542261587909699e-01 1.825741858350553670e+01
3.338029991239020722e-02 2.966479794547859927e-01 1.825741858350553670e+01
3.346850878047356870e-02 2.952689321257840893e-01 1.825741858350553670e+01
3.355695074425794205e-02 2.970612499499667991e-01 1.825741858350553670e+01
3.364562641970869628e-02 2.916670615201263916e-01 1.825741858350553670e+01
3.373453642441887057e-02 2.900095788737377944e-01 1.825741858350553670e+01
3.382368137761354587e-02 2.902131449935297369e-01 1.825741858350553670e+01
3.391306190015415389e-02 2.865062249232886993e-01 1.825741858350553670e+01
3.400267861454270985e-02 2.845396639787850512e-01 1.825741858350553670e+01
3.409253214492629497e-02 2.982363782451927237e-01 1.825741858350553670e+01
3.418262311710125456e-02 2.814491356755820517e-01 1.825741858350553670e+01
3.427295215851768051e-02 2.798074883474118146e-01 1.825741858350553670e+01
3.436351989828372727e-02 2.781049979358345969e-01 1.825741858350553670e+01
3.445432696716994869e-02 2.765189961863523949e-01 1.825741858350553670e+01
3.454537399761377359e-02 2.753251530282342929e-01 1.825741858350553670e+01
3.463666162372389806e-02 2.737313899830431940e-01 1.825741858350553670e+01
3.472819048128459457e-02 2.731848779974330177e-01 1.825741858350553670e+01
3.481996120776031239e-02 2.710376055330152023e-01 1.825741858350553670e+01
3.491197444229995200e-02 2.713528293926323331e-01 1.825741858350553670e+01
3.500423082574146555e-02 2.689230309296898325e-01 1.825741858350553670e+01
3.509673100061620060e-02 2.676669489951518099e-01 1.825741858350553670e+01
3.518947561115341044e-02 2.671215501523970248e-01 1.825741858350553670e+01
3.528246530328481290e-02 2.658761694486265759e-01 1.825741858350553670e+01
3.537570072464894105e-02 2.733335810371688712e-01 1.825741858350553670e+01
3.546918252459580617e-02 2.640284192475098601e-01 1.825741858350553670e+01
3.556291135419135940e-02 2.643030388306623069e-01 1.825741858350553670e+01
3.565688786622194656e-02 2.634677908678395575e-01 1.825741858350553670e+01
3.575111271519902656e-02 2.628902681405811959e-01 1.825741858350553670e+01
3.584558655736355681e-02 2.625755934457226215e-01 1.825741858350553670e+01
3.594031005069067697e-02 2.626004532739315556e-01 1.825741858350553670e+01
3.603528385489426777e-02 2.700298062095237706e-01 1.825741858350553670e+01
3.613050863143147523e-02 2.624966253259920501e-01 1.825741858350553670e+01
3.622598504350743598e-02 2.628121803941492751e-01 1.825741858350553670e+01
3.632171375607979452e-02 2.631232466616700294e-01 1.825741858350553670e+01
3.641769543586337310e-02 2.637205138557002226e-01 1.825741858350553670e+01
3.651393075133486932e-02 2.635776279728058724e-01 1.825741858350553670e+01
3.661042037273738031e-02 2.642081785818949924e-01 1.825741858350553670e+01
3.670716497208521834e-02 2.688466075015778500e-01 1.825741858350553670e+01
3.680416522316848349e-02 2.655896749396816081e-01 1.825741858350553670e+01
3.690142180155779605e-02 2.673373592081174643e-01 1.825741858350553670e+01
3.699893538460902881e-02 2.638121426951633430e-01 1.825741858350553670e+01
3.709670665146795610e-02 2.682106596624086459e-01 1.825741858350553670e+01
3.719473628307504859e-02 2.696687073121583067e-01 1.825741858350553670e+01
3.729302496217020563e-02 2.706230491120882320e-01 1.825741858350553670e+01
3.739157337329745284e-02 2.714512194621762631e-01 1.825741858350553670e+01
3.749038220280980632e-02 2.729498335917878715e-01 1.825741858350553670e+01
3.758945213887392861e-02 2.705772720169059564e-01 1.825741858350553670e+01
3.768878387147506226e-02 2.769535184674411510e-01 1.825741858350553670e+01
3.778837809242174828e-02 2.769434945267031378e-01 1.825741858350553670e+01
3.788823549535061397e-02 2.790116350283474156e-01 1.825741858350553670e+01
3.798835677573131342e-02 2.803183742656340516e-01 1.825741858350553670e+01
3.808874263087128759e-02 2.815911259477660300e-01 1.825741858350553670e+01
3.818939375992060070e-02 2.835747791116666194e-01 1.825741858350553670e+01
3.829031086387694321e-02 2.874362506001035822e-01 1.825741858350553670e+01
3.839149464559030861e-02 2.866352745225990151e-01 1.825741858350553670e+01
3.849294580976810043e-02 2.880579007113218126e-01 1.825741858350553670e+01
3.859466506297987154e-02 2.905451235701884682e-01 1.825741858350553670e+01
3.869665311366234789e-02 2.916971548826629013e-01 1.825741858350553670e+01
3.879891067212435513e-02 2.928621530936050821e-01 1.825741858350553670e+01
3.890143845055167582e-02 2.947728697106761775e-01 1.825741858350553670e+01
3.900423716301210791e-02 2.967101250664770928e-01 1.825741858350553670e+01
3.910730752546044686e-02 2.987197457006048884e-01 1.825741858350553670e+01
3.921065025574334284e-02 2.999301296693869801e-01 1.825741858350553670e+01
3.931426607360445635e-02 3.023334961825651646e-01 1.825741858350553670e+01
3.941815570068935015e-02 3.026189624070222961e-01 1.825741858350553670e+01
3.952231986055059626e-02 3.047711637493509262e-01 1.825741858350553670e+01
3.962675927865282749e-02 3.056068457438976815e-01 1.825741858350553670e+01
3.973147468237762936e-02 3.072224448640170635e-01 1.825741858350553670e+01
3.983646680102886223e-02 3.082372077010226974e-01 1.825741858350553670e+01
3.994173636583747689e-02 3.093704140104863720e-01 1.825741858350553670e+01
4.004728410996682975e-02 3.105854962973516598e-01 1.825741858350553670e+01
4.015311076851766497e-02 3.111969383766193253e-01 1.825741858350553670e+01
4.025921707853320763e-02 3.118439138853636994e-01 1.825741858350553670e+01
4.036560377900445112e-02 3.125690118422662089e-01 1.825741858350553670e+01
4.047227161087511155e-02 3.141007019910116438e-01 1.825741858350553670e+01
4.057922131704691515e-02 3.123858731327480709e-01 1.825741858350553670e+01
4.068645364238477474e-02 3.140436047456204860e-01 1.825741858350553670e+01
4.079396933372187589e-02 2.977607373849974759e-01 1.825741858350553670e+01
4.090176913986499213e-02 3.146849954438123431e-01 1.825741858350553670e+01
4.100985381159960586e-02 3.146570220792035411e-01 1.825741858350553670e+01
4.111822410169523739e-02 3.144310936692913394e-01 1.825741858350553670e+01
4.122688076491060061e-02 3.142743080394693189e-01 1.825741858350553670e+01
4.133582455799886951e-02 3.139389431851352663e-01 1.825741858350553670e+01
4.144505623971301428e-02 3.142922683515788074e-01 1.825741858350553670e+01
4.155457657081103318e-02 3.132397418178732296e-01 1.825741858350553670e+01
4.166438631406122611e-02 3.127247387281890667e-01 1.825741858350553670e+01
4.177448623424759311e-02 3.122327145385279668e-01 1.825741858350553670e+01
4.188487709817504540e-02 3.111716710824199983e-01 1.825741858350553670e+01
4.199555967467488715e-02 3.102019026535037249e-01 1.825741858350553670e+01
4.210653473460999885e-02 3.093918381347000590e-01 1.825741858350553670e+01
4.221780305088038143e-02 3.070419389093096973e-01 1.825741858350553670e+01
4.232936539842843682e-02 3.072794620101453322e-01 1.825741858350553670e+01
4.244122255424433166e-02 3.069960444475883232e-01 1.825741858350553670e+01
4.255337529737153457e-02 3.052629341034476251e-01 1.825741858350553670e+01
4.266582440891215217e-02 3.045423685710053618e-01 1.825741858350553670e+01
4.277857067203233443e-02 3.030082476498528465e-01 1.825741858350553670e+01
4.289161487196785361e-02 3.019173860778031626e-01 1.825741858350553670e+01
4.300495779602944713e-02 3.002263241084308087e-01 1.825741858350553670e+01
4.311860023360836874e-02 2.991909224321411265e-01 1.825741858350553670e+01
4.323254297618192576e-02 2.976239800801767643e-01 1.825741858350553670e+01
4.334678681731884281e-02 2.965365227428261585e-01 1.825741858350553670e+01
4.346133255268495865e-02 2.952863579954685957e-01 1.825741858350553670e+01
4.357618098004864549e-02 2.937811524391137907e-01 1.825741858350553670e+01
4.369133289928644331e-02 2.924399673780849751e-01 1.825741858350553670e+01
4.380678911238861800e-02 2.904171338361425381e-01 1.825741858350553670e+01
4.392255042346464994e-02 2.894985099288880370e-01 1.825741858350553670e+01
4.403861763874900026e-02 2.884019132227769733e-01 1.825741858350553670e+01
4.415499156660661340e-02 2.872765702579329061e-01 1.825741858350553670e+01
4.427167301753852369e-02 2.858640611593250558e-01 1.825741858350553670e+01
4.438866280418762855e-02 2.846559345157271270e-01 1.825741858350553670e+01
4.450596174134418409e-02 2.838752419861598764e-01 1.825741858350553670e+01
4.462357064595166845e-02 2.827108353026357990e-01 1.825741858350553670e+01
4.474149033711224271e-02 2.816760210229101724e-01 1.825741858350553670e+01
4.485972163609268371e-02 2.800216715547828583e-01 1.825741858350553670e+01
4.497826536632998362e-02 2.791165720386492577e-01 1.825741858350553670e+01
4.509712235343702608e-02 2.781368728565831727e-01 1.825741858350553670e+01
4.521629342520850497e-02 2.770315359404655897e-01 1.825741858350553670e+01
4.533577941162655889e-02 2.759100178462370323e-01 1.825741858350553670e+01
4.545558114486657891e-02 2.754611477956371846e-01 1.825741858350553670e+01
4.557569945930304428e-02 2.743163828619010758e-01 1.825741858350553670e+01
4.569613519151524694e-02 2.735364975114131236e-01 1.825741858350553670e+01
4.581688918029325208e-02 2.726114516128509413e-01 1.825741858350553670e+01
4.593796226664362964e-02 2.723505739722913987e-01 1.825741858350553670e+01
4.605935529379531768e-02 2.714924204484489012e-01 1.825741858350553670e+01
4.618106910720556901e-02 2.719480993666487656e-01 1.825741858350553670e+01
4.630310455456574520e-02 2.703586556309924838e-01 1.825741858350553670e+01
4.642546248580730478e-02 2.697799464987084006e-01 1.825741858350553670e+01
4.654814375310770830e-02 2.695158858121232126e-01 1.825741858350553670e+01
4.667114921089625390e-02 2.691309644979409943e-01 1.825741858350553670e+01
4.679447971586016969e-02 2.687837757703930297e-01 1.825741858350553670e+01
4.691813612695051872e-02 2.685319196937112629e-01 1.825741858350553670e+01
4.704211930538812481e-02 2.680382938675039961e-01 1.825741858350553670e+01
4.716643011466969265e-02 2.680758410912798539e-01 1.825741858350553670e+01
4.729106942057367813e-02 2.678373035715223005e-01 1.825741858350553670e+01
4.741603809116648471e-02 2.680558894133693859e-01 1.825741858350553670e+01
4.754133699680830605e-02 2.676186994225365212e-01 1.825741858350553670e+01
4.766696701015941257e-02 2.677078831579255414e-01 1.825741858350553670e+01
4.779292900618606343e-02 2.679186604062908095e-01 1.825741858350553670e+01
4.791922386216662666e-02 2.677960753447415354e-01 1.825741858350553670e+01
4.804585245769776164e-02 2.679699759124609115e-01 1.825741858350553670e+01
4.817281567470051845e-02 2.680092484981266288e-01 1.825741858350553670e+01
4.830011439742636081e-02 2.687147357462463249e-01 1.825741858350553670e+01
4.842774951246354986e-02 2.688561849295290629e-01 1.825741858350553670e+01
4.855572190874308386e-02 2.687857957814834275e-01 1.825741858350553670e+01
4.868403247754508195e-02 2.690808144231310317e-01 1.825741858350553670e+01
4.881268211250488348e-02 2.694174599280577675e-01 1.825741858350553670e+01
4.894167170961925828e-02 2.698450117441993368e-01 1.825741858350553670e+01
4.907100216725275577e-02 2.706700465663809951e-01 1.825741858350553670e+01
4.920067438614381811e-02 2.704945200769889313e-01 1.825741858350553670e+01
4.933068926941117788e-02 2.710715909188812778e-01 1.825741858350553670e+01
4.946104772256011695e-02 2.715888564329326793e-01 1.825741858350553670e+01
4.959175065348866290e-02 2.727690662616311656e-01 1.825741858350553670e+01
4.972279897249408387e-02 2.726374793697109444e-01 1.825741858350553670e+01
4.985419359227916125e-02 2.731534481268127479e-01 1.825741858350553670e+01
4.998593542795842781e-02 2.740058698582161223e-01 1.825741858350553670e+01
5.011802539706478044e-02 2.743275971535871216e-01 1.825741858350553670e+01
5.025046441955560023e-02 2.750111786326742136e-01 1.825741858350553670e+01
5.038325341781941386e-02 2.754729551222771522e-01 1.825741858350553670e+01
5.051639331668211774e-02 2.761940092105148459e-01 1.825741858350553670e+01
5.064988504341352837e-02 2.764529686013731946e-01 1.825741858350553670e+01
5.078372952773387017e-02 2.775701530815386509e-01 1.825741858350553670e+01
5.091792770182004824e-02 2.779288779465473591e-01 1.825741858350553670e+01
5.105248050031243462e-02 2.784777547116895069e-01 1.825741858350553670e+01
5.118738886032116880e-02 2.792281150997125705e-01 1.825741858350553670e+01
5.132265372143270804e-02 2.801785229263192289e-01 1.825741858350553670e+01
5.145827602571645398e-02 2.806667731728074711e-01 1.825741858350553670e+01
5.159425671773129607e-02 2.802038865904051823e-01 1.825741858350553670e+01
5.173059674453207857e-02 2.817388173988060185e-01 1.825741858350553670e+01
5.186729705567630355e-02 2.824355123497173103e-01 1.825741858350553670e+01
5.200435860323074366e-02 2.835752931483281891e-01 1.825741858350553670e+01
5.214178234177808263e-02 2.835003679772606922e-01 1.825741858350553670e+01
5.227956922842343784e-02 3.018061321953371956e-01 1.825741858350553670e+01
5.241772022280118820e-02 2.848842625779223203e-01 1.825741858350553670e+01
5.255623628708157996e-02 2.853372946781072561e-01 1.825741858350553670e+01
5.269511838597738806e-02 2.858693532346736066e-01 1.825741858350553670e+01
5.283436748675073014e-02 2.865019626218821003e-01 1.825741858350553670e+01
5.297398455921977639e-02 2.871084018404818083e-01 1.825741858350553670e+01
5.311397057576539016e-02 2.877247759928841520e-01 1.825741858350553670e+01
5.325432651133809453e-02 2.882925490470920060e-01 1.825741858350553670e+01
5.339505334346468512e-02 2.883138541053671955e-01 1.825741858350553670e+01
5.353615205225518286e-02 2.887515502484381824e-01 1.825741858350553670e+01
5.367762362040949531e-02 2.894873587053993780e-01 1.825741858350553670e+01
5.381946903322445269e-02 2.895546700562481868e-01 1.825741858350553670e+01
5.396168927860055947e-02 2.900673048014843491e-01 1.825741858350553670e+01
5.410428534704881526e-02 2.903210121612030403e-01 1.825741858350553670e+01
5.424725823169776473e-02 2.906742577402322003e-01 1.825741858350553670e+01
5.439060892830033245e-02 2.908629101603335543e-01 1.825741858350553670e+01
5.453433843524069236e-02 2.909921197982868746e-01 1.825741858350553670e+01
5.467844775354136627e-02 2.913084695092268417e-01 1.825741858350553670e+01
5.482293788687012809e-02 2.914958303917883353e-01 1.825741858350553670e+01
5.496780984154689409e-02 2.927941684030925251e-01 1.825741858350553670e+01
5.511306462655091165e-02 2.919937553978377842e-01 1.825741858350553670e+01
5.525870325352764956e-02 2.921148347700304737e-01 1.825741858350553670e+01
5.540472673679594506e-02 2.925106952656827963e-01 1.825741858350553670e+01
5.555113609335496361e-02 2.921100983510644400e-01 1.825741858350553670e+01
5.569793234289134587e-02 2.923466848658078376e-01 1.825741858350553670e+01
5.584511650778635483e-02 2.924708281353554651e-01 1.825741858350553670e+01
5.599268961312283549e-02 2.947558359061610567e-01 1.825741858350553670e+01
5.614065268669254927e-02 2.921800585137557249e-01 1.825741858350553670e+01
5.628900675900318923e-02 2.932030594909205701e-01 1.825741858350553670e+01
5.643775286328563123e-02 2.925408973590983286e-01 1.825741858350553670e+01
5.658689203550112262e-02 2.924666438293033743e-01 1.825741858350553670e+01
5.673642531434842234e-02 2.925036125374492202e-01 1.825741858350553670e+01
5.688635374127117700e-02 2.925426425930794383e-01 1.825741858350553670e+01
5.703667836046504014e-02 2.923028685863368059e-01 1.825741858350553670e+01
5.718740021888497893e-02 2.923881543783813375e-01 1.825741858350553670e+01
5.733852036625265713e-02 2.927477308314787030e-01 1.825741858350553670e+01
5.749003985506359604e-02 2.921441615868319852e-01 1.825741858350553670e+01
5.764195974059462685e-02 2.920353350358197986e-01 1.825741858350553670e+01
5.779428108091119037e-02 2.919141827504629916e-01 1.825741858350553670e+01
5.794700493687467147e-02 2.918542741549365882e-01 1.825741858350553670e+01
5.810013237214989995e-02 2.988100969743896496e-01 1.825741858350553670e+01
5.825366445321241565e-02 2.915073674954609673e-01 1.825741858350553670e+01
5.840760224935601097e-02 2.913955523790569546e-01 1.825741858350553670e+01
5.856194683270008611e-02 2.913445290054975656e-01 1.825741858350553670e+01
5.871669927819719859e-02 2.917249163110083310e-01 1.825741858350553670e+01
5.887186066364052950e-02 2.911054950838838362e-01 1.825741858350553670e+01
5.902743206967133588e-02 2.909195472679207972e-01 1.825741858350553670e+01
5.918341457978652104e-02 2.908619831658215138e-01 1.825741858350553670e+01
5.933980928034621877e-02 2.906549508846518748e-01 1.825741858350553670e+01
5.949661726058123185e-02 2.906906042124051126e-01 1.825741858350553670e+01
5.965383961260079665e-02 2.904664088857455972e-01 1.825741858350553670e+01
5.981147743140002165e-02 2.904714308272205447e-01 1.825741858350553670e+01
5.996953181486762430e-02 2.903711310286771208e-01 1.825741858350553670e+01
6.012800386379355683e-02 2.901160123600061702e-01 1.825741858350553670e+01
6.028689468187657663e-02 2.900089817230826483e-01 1.825741858350553670e+01
6.044620537573210800e-02 2.900906727333638080e-01 1.825741858350553670e+01
6.060593705489979166e-02 2.901032001461907317e-01 1.825741858350553670e+01
6.076609083185129101e-02 2.899697073252892054e-01 1.825741858350553670e+01
6.092666782199807063e-02 2.898671744846672005e-01 1.825741858350553670e+01
6.108766914369900131e-02 2.907235835685912373e-01 1.825741858350553670e+01
6.124909591826839528e-02 2.897951473894537222e-01 1.825741858350553670e+01
6.141094926998359738e-02 2.899561840342758656e-01 1.825741858350553670e+01
6.157323032609293700e-02 2.898016795416803459e-01 1.825741858350553670e+01
6.173594021682354827e-02 2.898506725331492229e-01 1.825741858350553670e+01
6.189908007538923868e-02 2.898272146483709122e-01 1.825741858350553670e+01
6.206265103799835786e-02 2.900901650409634103e-01 1.825741858350553670e+01
6.222665424386176342e-02 2.899996185463311615e-01 1.825741858350553670e+01
6.239109083520069654e-02 2.901277875742740431e-01 1.825741858350553670e+01
6.255596195725481035e-02 2.901106244005975943e-01 1.825741858350553670e+01
6.272126875829006631e-02 2.901149270378819978e-01 1.825741858350553670e+01
6.288701238960676954e-02 2.902487635287969714e-01 1.825741858350553670e+01
6.305319400554762477e-02 2.904441150531223426e-01 1.825741858350553670e+01
6.321981476350566065e-02 2.904884527612878187e-01 1.825741858350553670e+01
6.338687582393244535e-02 2.906646560777585986e-01 1.825741858350553670e+01
6.355437835034603855e-02 2.909387305231278531e-01 1.825741858350553670e+01
6.372232350933916545e-02 2.910441267163100254e-01 1.825741858350553670e+01
6.389071247058736303e-02 2.913583657260057080e-01 1.825741858350553670e+01
6.405954640685697365e-02 2.914831414383067809e-01 1.825741858350553670e+01
6.422882649401354116e-02 2.917583910310722617e-01 1.825741858350553670e+01
6.439855391102983218e-02 2.918670567556140294e-01 1.825741858350553670e+01
6.456872983999407956e-02 2.921756843132322090e-01 1.825741858350553670e+01
6.473935546611830905e-02 2.926001724793316772e-01 1.825741858350553670e+01
6.491043197774640228e-02 2.933347395930275270e-01 1.825741858350553670e+01
6.508196056636263160e-02 2.930015459442933401e-01 1.825741858350553670e+01
6.525394242659970923e-02 2.937759494148011741e-01 1.825741858350553670e+01
6.542637875624722488e-02 2.936338596659833211e-01 1.825741858350553670e+01
6.559927075626005577e-02 2.937349295305575203e-01 1.825741858350553670e+01
6.577261963076658224e-02 2.904524480243147466e-01 1.825741858350553670e+01
6.594642658707715321e-02 2.946346310480836284e-01 1.825741858350553670e+01
6.612069283569252387e-02 2.948842510646537685e-01 1.825741858350553670e+01
6.629541959031219622e-02 2.952689448113291482e-01 1.825741858350553670e+01
6.647060806784296783e-02 2.955711383610718501e-01 1.825741858350553670e+01
6.664625948840735559e-02 2.958718828926560906e-01 1.825741858350553670e+01
6.682237507535206122e-02 2.962260539183021457e-01 1.825741858350553670e+01
6.699895605525664488e-02 2.973474727643058979e-01 1.825741858350553670e+01
6.717600365794179629e-02 2.969674328236559524e-01 1.825741858350553670e+01
6.735351911647817491e-02 2.972803118987843440e-01 1.825741858350553670e+01
6.753150366719487541e-02 2.977053181296269169e-01 1.825741858350553670e+01
6.770995854968794858e-02 2.980640408330431645e-01 1.825741858350553670e+01
6.788888500682929705e-02 2.984158931437435047e-01 1.825741858350553670e+01
6.806828428477496029e-02 2.987287820339614708e-01 1.825741858350553670e+01
6.824815763297417681e-02 2.991766165955146994e-01 1.825741858350553670e+01
6.842850630417783575e-02 2.994793962893147476e-01 1.825741858350553670e+01
6.860933155444723375e-02 2.995883500401196331e-01 1.825741858350553670e+01
6.879063464316295673e-02 3.001866042964391745e-01 1.825741858350553670e+01
6.897241683303347026e-02 3.006189647519584285e-01 1.825741858350553670e+01
6.915467939010404297e-02 3.008906247800643419e-01 1.825741858350553670e+01
6.933742358376553117e-02 3.014717222580552414e-01 1.825741858350553670e+01
6.952065068676316351e-02 3.014653919288937667e-01 1.825741858350553670e+01
6.970436197520551991e-02 3.021255019665559649e-01 1.825741858350553670e+01
6.988855872857330231e-02 3.020797100319165263e-01 1.825741858350553670e+01
7.007324222972829975e-02 3.024142145829378792e-01 1.825741858350553670e+01
7.025841376492233947e-02 3.027034231774610173e-01 1.825741858350553670e+01
7.044407462380619656e-02 3.029947303108972978e-01 1.825741858350553670e+01
7.063022609943864216e-02 3.032698311868316510e-01 1.825741858350553670e+01
7.081686948829538086e-02 3.033923813602495412e-01 1.825741858350553670e+01
7.100400609027809895e-02 3.035888669321827882e-01 1.825741858350553670e+01
7.119163720872358214e-02 3.039310470476557779e-01 1.825741858350553670e+01
7.137976415041263900e-02 3.039793014486747991e-01 1.825741858350553670e+01
7.156838822557942681e-02 3.041415035849295290e-01 1.825741858350553670e+01
7.175751074792037498e-02 3.042737727840852391e-01 1.825741858350553670e+01
7.194713303460338605e-02 3.044959551930233044e-01 1.825741858350553670e+01
7.213725640627716151e-02 3.045490068279005924e-01 1.825741858350553670e+01
7.232788218708011141e-02 3.045502234790588014e-01 1.825741858350553670e+01
7.251901170464984669e-02 3.049227574389417605e-01 1.825741858350553670e+01
7.271064629013228309e-02 3.047328381277749632e-01 1.825741858350553670e+01
7.290278727819095306e-02 3.047757738783662407e-01 1.825741858350553670e+01
7.309543600701630395e-02 3.048044548145709687e-01 1.825741858350553670e+01
7.328859381833495446e-02 3.047851100220499987e-01 1.825741858350553670e+01
7.348226205741917316e-02 3.047354670389711973e-01 1.825741858350553670e+01
7.367644207309612114e-02 3.046547135826971342e-01 1.825741858350553670e+01
7.387113521775728886e-02 3.045514741087320676e-01 1.825741858350553670e+01
7.406634284736797469e-02 3.043353297421786396e-01 1.825741858350553670e+01
7.426206632147655529e-02 3.043099810354464863e-01 1.825741858350553670e+01
7.445830700322420004e-02 3.043733496699727592e-01 1.825741858350553670e+01
7.465506625935415530e-02 3.039928264853123951e-01 1.825741858350553670e+01
7.485234546022138946e-02 3.039640465102925182e-01 1.825741858350553670e+01
7.505014597980209923e-02 3.035564838021101441e-01 1.825741858350553670e+01
7.524846919570318815e-02 3.032965215510214363e-01 1.825741858350553670e+01
7.544731648917206435e-02 3.026058327652390023e-01 1.825741858350553670e+01
7.564668924510604964e-02 3.027506685527241448e-01 1.825741858350553670e+01
7.584658885206214951e-02 3.023553750297867104e-01 1.825741858350553670e+01
7.604701670226671206e-02 3.019993754955856979e-01 1.825741858350553670e+01
7.624797419162505918e-02 3.016212486192198505e-01 1.825741858350553670e+01
7.644946271973127039e-02 3.012116555122086314e-01 1.825741858350553670e+01
7.665148368987796668e-02 3.124970861868432981e-01 1.825741858350553670e+01
7.685403850906588619e-02 3.003731790145190983e-01 1.825741858350553670e+01
7.705712858801401499e-02 2.999320688093679022e-01 1.825741858350553670e+01
7.726075534116906562e-02 2.994421712210635911e-01 1.825741858350553670e+01
7.746492018671556623e-02 2.989251078748078605e-01 1.825741858350553670e+01
7.766962454658565829e-02 3.018039110993950280e-01 1.825741858350553670e+01
7.787486984646896371e-02 2.979288191752277326e-01 1.825741858350553670e+01
7.808065751582256298e-02 2.973258546077183762e-01 1.825741858350553670e+01
7.828698898788097327e-02 2.967751945816877734e-01 1.825741858350553670e+01
7.849386569966604332e-02 2.961268538944635265e-01 1.825741858350553670e+01
7.870128909199705647e-02 2.955358810831096306e-01 1.825741858350553670e+01
7.890926060950065324e-02 2.949276728661850422e-01 1.825741858350553670e+01
7.911778170062107318e-02 2.940218186766516695e-01 1.825741858350553670e+01
7.932685381763003585e-02 2.936712665521173937e-01 1.825741858350553670e+01
7.953647841663698259e-02 2.929144349981271933e-01 1.825741858350553670e+01
7.974665695759919348e-02 2.923802021105280091e-01 1.825741858350553670e+01
7.995739090433195972e-02 2.913468442370317768e-01 1.825741858350553670e+01
8.016868172451872832e-02 2.910579071564246001e-01 1.825741858350553670e+01
8.038053088972138549e-02 2.900559898860189390e-01 1.825741858350553670e+01
8.059293987539047077e-02 2.893575951949591829e-01 1.825741858350553670e+01
8.080591016087551592e-02 2.887222529109463864e-01 1.825741858350553670e+01
8.101944322943520349e-02 2.878460743801118382e-01 1.825741858350553670e+01
8.123354056824787228e-02 2.872896150762820899e-01 1.825741858350553670e+01
8.144820366842178694e-02 2.863990512764066354e-01 1.825741858350553670e+01
8.166343402500544912e-02 2.855890923397284564e-01 1.825741858350553670e+01
8.187923313699820016e-02 2.848887957889478795e-01 1.825741858350553670e+01
8.209560250736046283e-02 2.841158512875081588e-01 1.825741858350553670e+01
8.231254364302433013e-02 2.832555442633126197e-01 1.825741858350553670e+01
8.253005805490408464e-02 2.824785467664013283e-01 1.825741858350553670e+01
8.274814725790652359e-02 2.816594997604073836e-01 1.825741858350553670e+01
8.296681277094181128e-02 2.808675581117860975e-01 1.825741858350553670e+01
8.318605611693380419e-02 2.800494068147117432e-01 1.825741858350553670e+01
8.340587882283070909e-02 2.792932338624335986e-01 1.825741858350553670e+01
8.362628241961592157e-02 2.785312635773905532e-01 1.825741858350553670e+01
8.384726844231832343e-02 2.776882324652550360e-01 1.825741858350553670e+01
8.406883843002334322e-02 2.769627495138074491e-01 1.825741858350553670e+01
8.429099392588339235e-02 2.761433266790907504e-01 1.825741858350553670e+01
8.451373647712878689e-02 2.753872999883809070e-01 1.825741858350553670e+01
8.473706763507848905e-02 2.745851648945351053e-01 1.825741858350553670e+01
8.496098895515083460e-02 2.738735959997424807e-01 1.825741858350553670e+01
8.518550199687439928e-02 2.729217133274047247e-01 1.825741858350553670e+01
8.541060832389896218e-02 2.722714451900709043e-01 1.825741858350553670e+01
8.563630950400623332e-02 2.714950433214335379e-01 1.825741858350553670e+01
8.586260710912091421e-02 2.707146925992536257e-01 1.825741858350553670e+01
8.608950271532157805e-02 2.699881598078963663e-01 1.825741858350553670e+01
8.631699790285156382e-02 2.692730373959651424e-01 1.825741858350553670e+01
8.654509425613023110e-02 2.684784569666991971e-01 1.825741858350553670e+01
8.677379336376365992e-02 2.677842756422592063e-01 1.825741858350553670e+01
8.700309681855601662e-02 2.670740804867844931e-01 1.825741858350553670e+01
8.723300621752047568e-02 2.663449683738406404e-01 1.825741858350553670e+01
8.746352316189037746e-02 2.655841029340133552e-01 1.825741858350553670e+01
8.769464925713041370e-02 2.650055060696031028e-01 1.825741858350553670e+01
8.792638611294778528e-02 2.643215710874454172e-01 1.825741858350553670e+01
8.815873534330338768e-02 2.636491128872702205e-01 1.825741858350553670e+01
8.839169856642307976e-02 2.630128569948436690e-01 1.825741858350553670e+01
8.862527740480898031e-02 2.624043941944191327e-01 1.825741858350553670e+01
8.885947348525070899e-02 2.617525519508138721e-01 1.825741858350553670e+01
8.909428843883675231e-02 2.611142870698776042e-01 1.825741858350553670e+01
8.932972390096584336e-02 2.605211299886338594e-01 1.825741858350553670e+01
8.956578151135832777e-02 2.599375326084095716e-01 1.825741858350553670e+01
8.980246291406748793e-02 2.583434804283647468e-01 1.825741858350553670e+01
9.003976975749122813e-02 2.587008524437244827e-01 1.825741858350553670e+01
9.027770369438331555e-02 2.582674200508303097e-01 1.825741858350553670e+01
9.051626638186505147e-02 2.580177627437531540e-01 1.825741858350553670e+01
9.075545948143669273e-02 2.572091494838052994e-01 1.825741858350553670e+01
9.099528465898908125e-02 2.567512586345234715e-01 1.825741858350553670e+01
9.123574358481534308e-02 2.562477008434039805e-01 1.825741858350553670e+01
9.147683793362233751e-02 2.557647439701359326e-01 1.825741858350553670e+01
9.171856938454239772e-02 2.553135923160968490e-01 1.825741858350553670e+01
9.196093962114507137e-02 2.549352928382542238e-01 1.825741858350553670e+01
9.220395033144884733e-02 2.545116941502050256e-01 1.825741858350553670e+01
9.244760320793279917e-02 2.540721889774651965e-01 1.825741858350553670e+01
9.269189994754847839e-02 2.536575537439256234e-01 1.825741858350553670e+01
9.293684225173172442e-02 2.533113076235026240e-01 1.825741858350553670e+01
9.318243182641444688e-02 2.530278287085235278e-01 1.825741858350553670e+01
9.342867038203662988e-02 2.527236155837808140e-01 1.825741858350553670e+01
9.367555963355808646e-02 2.524990218440012479e-01 1.825741858350553670e+01
9.392310130047054617e-02 2.520082074621812773e-01 1.825741858350553670e+01
9.417129710680953447e-02 2.517360687007899056e-01 1.825741858350553670e+01
9.442014878116637699e-02 2.514278356569978334e-01 1.825741858350553670e+01
9.466965805670037037e-02 2.514590123924503873e-01 1.825741858350553670e+01
9.491982667115071715e-02 2.509638613756257630e-01 1.825741858350553670e+01
9.517065636684865493e-02 2.507402789535889687e-01 1.825741858350553670e+01
9.542214889072954398e-02 2.506022116899228602e-01 1.825741858350553670e+01
9.567430599434527394e-02 2.523412426558963584e-01 1.825741858350553670e+01
9.592712943387611546e-02 2.502313737272932048e-01 1.825741858350553670e+01
9.618062097014319634e-02 2.502026156313401084e-01 1.825741858350553670e+01
9.643478236862065844e-02 2.500040688793240262e-01 1.825741858350553670e+01
9.668961539944799510e-02 2.499384966250959017e-01 1.825741858350553670e+01
9.694512183744240230e-02 2.498606832590207494e-01 1.825741858350553670e+01
9.720130346211107442e-02 2.497359318792483629e-01 1.825741858350553670e+01
9.745816205766361096e-02 2.497733299016461350e-01 1.825741858350553670e+01
9.771569941302450657e-02 2.496562680012917312e-01 1.825741858350553670e+01
9.797391732184550228e-02 2.497999741237955096e-01 1.825741858350553670e+01
9.823281758251825591e-02 2.496950900127711259e-01 1.825741858350553670e+01
9.849240199818659613e-02 2.496964100743614967e-01 1.825741858350553670e+01
9.875267237675937337e-02 2.497890067047499607e-01 1.825741858350553670e+01
9.901363053092282485e-02 2.498937656467696833e-01 1.825741858350553670e+01
9.927527827815332828e-02 2.499398798924452048e-01 1.825741858350553670e+01
9.953761744073004458e-02 2.501002776469642974e-01 1.825741858350553670e+01
9.980064984574751885e-02 2.501889315381451984e-01 1.825741858350553670e+01
1.000643773251285035e-01 2.504494019017342588e-01 1.825741858350553670e+01
1.003288017156366979e-01 2.505497088976922360e-01 1.825741858350553670e+01
1.005939248588895440e-01 2.506605421916116017e-01 1.825741858350553670e+01
1.008597486013709799e-01 2.511045602203397231e-01 1.825741858350553670e+01
1.011262747944444151e-01 2.511205531818034298e-01 1.825741858350553670e+01
1.013935052943654713e-01 2.513910684029836973e-01 1.825741858350553670e+01
1.016614419622951515e-01 2.517627182659681329e-01 1.825741858350553670e+01
1.019300866643125525e-01 2.520120732737030633e-01 1.825741858350553670e+01
1.021994412714279932e-01 2.523150576129212230e-01 1.825741858350553670e+01
1.024695076595959903e-01 2.525826225592355812e-01 1.825741858350553670e+01
1.027402877097283590e-01 2.529552271087778248e-01 1.825741858350553670e+01
1.030117833077073691e-01 2.533508395260908319e-01 1.825741858350553670e+01
1.032839963443987347e-01 2.536749143149984453e-01 1.825741858350553670e+01
1.035569287156649088e-01 2.541784124924383881e-01 1.825741858350553670e+01
1.038305823223781982e-01 2.545557836707252330e-01 1.825741858350553670e+01
1.041049590704340722e-01 2.549890242322905287e-01 1.825741858350553670e+01
1.043800608707644573e-01 2.555478976287371418e-01 1.825741858350553670e+01
1.046558896393509352e-01 2.559959502548784793e-01 1.825741858350553670e+01
1.049324472972381350e-01 2.566667019102746305e-01 1.825741858350553670e+01
1.052097357705471942e-01 2.570056151170001524e-01 1.825741858350553670e+01
1.054877569904890677e-01 2.575542242048570185e-01 1.825741858350553670e+01
1.057665128933780313e-01 2.581781677799284136e-01 1.825741858350553670e+01
1.060460054206451425e-01 2.587689809294843046e-01 1.825741858350553670e+01
1.063262365188517855e-01 2.593254353956996328e-01 1.825741858350553670e+01
1.066072081397031746e-01 2.600368065854608002e-01 1.825741858350553670e+01
1.068889222400620925e-01 2.607270817696090703e-01 1.825741858350553670e+01
1.071713807819622971e-01 2.614410221399103285e-01 1.825741858350553670e+01
1.074545857326223708e-01 2.620054039060503714e-01 1.825741858350553670e+01
1.077385390644593072e-01 2.631006263935288803e-01 1.825741858350553670e+01
1.080232427551023749e-01 2.635672590567845197e-01 1.825741858350553670e+01
1.083086987874067458e-01 2.642739050121725719e-01 1.825741858350553670e+01
1.085949091494673863e-01 2.648922177556098378e-01 1.825741858350553670e+01
1.088818758346328935e-01 2.657911300312432723e-01 1.825741858350553670e+01
1.091696008415193320e-01 2.669011758123703837e-01 1.825741858350553670e+01
1.094580861740243188e-01 2.675049444914685548e-01 1.825741858350553670e+01
1.097473338413407218e-01 2.683228828019038614e-01 1.825741858350553670e+01
1.100373458579708419e-01 2.692849366417371382e-01 1.825741858350553670e+01
1.103281242437403886e-01 2.701410989277875929e-01 1.825741858350553670e+01
1.106196710238124964e-01 2.710474132426671789e-01 1.825741858350553670e+01
1.109119882287020048e-01 2.719914015403921970e-01 1.825741858350553670e+01
1.112050778942893503e-01 2.729380241271657237e-01 1.825741858350553670e+01
1.114989420618349297e-01 2.740205674014846160e-01 1.825741858350553670e+01
1.117935827779932279e-01 2.749041780610806396e-01 1.825741858350553670e+01
1.120890020948271254e-01 2.758654479504339396e-01 1.825741858350553670e+01
1.123852020698221793e-01 2.769004643324234349e-01 1.825741858350553670e+01
1.126821847659008891e-01 2.779681998858823389e-01 1.825741858350553670e+01
1.129799522514371712e-01 2.790109499968599360e-01 1.825741858350553670e+01
1.132785066002706398e-01 2.801942474698153052e-01 1.825741858350553670e+01
1.135778498917212331e-01 2.813610220943161266e-01 1.825741858350553670e+01
1.138779842106034390e-01 2.824157557789180872e-01 1.825741858350553670e+01
1.141789116472410881e-01 2.835744706246283164e-01 1.825741858350553670e+01
1.144806342974816621e-01 2.847662202585206082e-01 1.825741858350553670e+01
1.147831542627111151e-01 2.859633906685821181e-01 1.825741858350553670e+01
1.150864736498683483e-01 2.870476395367339006e-01 1.825741858350553670e+01
1.153905945714599202e-01 2.883124950547989451e-01 1.825741858350553670e+01
1.156955191455748266e-01 2.896008332236129079e-01 1.825741858350553670e+01
1.160012494958991558e-01 2.907836952860955448e-01 1.825741858350553670e+01
1.163077877517309927e-01 2.921860419318056401e-01 1.825741858350553670e+01
1.166151360479951299e-01 2.932777353702459289e-01 1.825741858350553670e+01
1.169232965252579998e-01 2.947640680004088853e-01 1.825741858350553670e+01
1.172322713297425795e-01 2.960438890733760875e-01 1.825741858350553670e+01
1.175420626133432817e-01 2.971145694730735198e-01 1.825741858350553670e+01
1.178526725336411229e-01 2.985627620361849255e-01 1.825741858350553670e+01
1.181641032539185038e-01 2.999227314300441649e-01 1.825741858350553670e+01
1.184763569431744185e-01 3.012803133690766799e-01 1.825741858350553670e+01
1.187894357761394987e-01 3.026835378943958932e-01 1.825741858350553670e+01
1.191033419332913068e-01 3.041136708936975630e-01 1.825741858350553670e+01
1.194180776008693101e-01 3.055489423521261516e-01 1.825741858350553670e+01
1.197336449708902434e-01 3.069530742977074067e-01 1.825741858350553670e+01
1.200500462411633051e-01 3.084238366123943642e-01 1.825741858350553670e+01
1.203672836153055065e-01 3.105332506325265696e-01 1.825741858350553670e+01
1.206853593027571031e-01 3.112389010491105612e-01 1.825741858350553670e+01
1.210042755187967917e-01 3.126911859719848641e-01 1.825741858350553670e+01
1.213240344845572249e-01 3.141925191331234601e-01 1.825741858350553670e+01
1.216446384270405551e-01 3.157552629347658013e-01 1.825741858350553670e+01
1.219660895791338379e-01 3.171737878606037953e-01 1.825741858350553670e+01
1.222883901796246869e-01 3.186370465744658431e-01 1.825741858350553670e+01
1.226115424732167614e-01 3.202145339681332636e-01 1.825741858350553670e+01
1.229355487105454475e-01 3.216566437162062808e-01 1.825741858350553670e+01
1.232604111481934994e-01 3.232658063160694928e-01 1.825741858350553670e+01
1.235861320487068871e-01 3.246715487785336030e-01 1.825741858350553670e+01
1.239127136806103674e-01 3.263703707771655194e-01 1.825741858350553670e+01
1.242401583184234160e-01 3.278273090325047323e-01 1.825741858350553670e+01
1.245684682426759643e-01 3.294427236915585810e-01 1.825741858350553670e+01
1.248976457399244011e-01 3.309642742246685643e-01 1.825741858350553670e+01
1.252276931027674345e-01 3.325958534683782220e-01 1.825741858350553670e+01
1.255586126298620653e-01 3.341020597050191054e-01 1.825741858350553670e+01
1.258904066259395049e-01 3.356681411947923244e-01 1.825741858350553670e+01
1.262230774018214541e-01 3.372101387008560325e-01 1.825741858350553670e+01
1.265566272744359511e-01 3.389435543497513748e-01 1.825741858350553670e+01
1.268910585668336921e-01 3.403943600754663068e-01 1.825741858350553670e+01
1.272263736082040742e-01 3.418200838140485476e-01 1.825741858350553670e+01
1.275625747338914873e-01 3.438570503572901949e-01 1.825741858350553670e+01
1.278996642854115795e-01 3.449368663760833953e-01 1.825741858350553670e+01
1.282376446104676049e-01 3.463077636038287554e-01 1.825741858350553670e+01
1.285765180629666327e-01 3.481717758613275815e-01 1.825741858350553670e+01
1.289162870030360897e-01 3.495307582563251247e-01 1.825741858350553670e+01
1.292569537970400806e-01 3.510359972965677033e-01 1.825741858350553670e+01
1.295985208175960135e-01 3.526642738146958944e-01 1.825741858350553670e+01
1.299409904435910035e-01 3.540394495710290634e-01 1.825741858350553670e+01
1.302843650601984704e-01 3.547742201668462880e-01 1.825741858350553670e+01
1.306286470588947091e-01 3.570091549969336975e-01 1.825741858350553670e+01
1.309738388374756812e-01 3.584681679130735099e-01 1.825741858350553670e+01
1.313199428000735858e-01 3.600008499140680551e-01 1.825741858350553670e+01
1.316669613571736508e-01 3.614997646283324984e-01 1.825741858350553670e+01
1.320148969256308980e-01 3.628218687270763909e-01 1.825741858350553670e+01
1.323637519286869901e-01 3.645263914387278370e-01 1.825741858350553670e+01
1.327135287959871068e-01 3.658264961378741575e-01 1.825741858350553670e+01
1.330642299635969306e-01 3.669412681612579941e-01 1.825741858350553670e+01
1.334158578740194945e-01 3.684935938290520019e-01 1.825741858350553670e+01
1.337684149762122243e-01 3.699146722829769751e-01 1.825741858350553670e+01
1.341219037256040358e-01 3.711805503549570617e-01 1.825741858350553670e+01
1.344763265841125432e-01 3.725378658528804010e-01 1.825741858350553670e+01
1.348316860201609069e-01 3.733432834085415042e-01 1.825741858350553670e+01
1.351879845086952636e-01 3.751275284845930202e-01 1.825741858350553670e+01
1.355452245312019077e-01 3.761265142835102382e-01 1.825741858350553670e+01
1.359034085757246102e-01 3.777641396091117043e-01 1.825741858350553670e+01
1.362625391368818550e-01 3.788432580548721784e-01 1.825741858350553670e+01
1.366226187158842698e-01 3.799490838354510069e-01 1.825741858350553670e+01
1.369836498205520281e-01 3.813483380506421661e-01 1.825741858350553670e+01
1.373456349653323916e-01 3.820731202604752408e-01 1.825741858350553670e+01
1.377085766713169457e-01 3.835065724069210980e-01 1.825741858350553670e+01
1.380724774662596965e-01 3.846268720942328523e-01 1.825741858350553670e+01
1.384373398845941405e-01 3.853931456573599923e-01 1.825741858350553670e+01
1.388031664674511112e-01 3.865103537543185253e-01 1.825741858350553670e+01
1.391699597626765150e-01 3.875057555282479527e-01 1.825741858350553670e+01
1.395377223248491505e-01 3.883656255413511782e-01 1.825741858350553670e+01
1.399064567152982774e-01 3.892705454913405472e-01 1.825741858350553670e+01
1.402761655021216303e-01 3.903316542297366465e-01 1.825741858350553670e+01
1.406468512602032095e-01 3.910797575856215236e-01 1.825741858350553670e+01
1.410185165712312672e-01 3.919223358870240759e-01 1.825741858350553670e+01
1.413911640237164036e-01 3.929336514521334922e-01 1.825741858350553670e+01
1.417647962130093031e-01 3.933321775686923205e-01 1.825741858350553670e+01
1.421394157413189974e-01 3.941300201099076639e-01 1.825741858350553670e+01
1.425150252177311005e-01 3.946870867336865207e-01 1.825741858350553670e+01
1.428916272582256008e-01 3.953917252133251070e-01 1.825741858350553670e+01
1.432692244856956509e-01 3.966871753747095997e-01 1.825741858350553670e+01
1.436478195299652205e-01 3.968832010737760596e-01 1.825741858350553670e+01
1.440274150278078591e-01 3.973779301129307107e-01 1.825741858350553670e+01
1.444080136229647648e-01 3.972915959743911762e-01 1.825741858350553670e+01
1.447896179661635752e-01 3.984684509848319123e-01 1.825741858350553670e+01
1.451722307151364078e-01 3.985566966634269126e-01 1.825741858350553670e+01
1.455558545346385124e-01 3.989335335054132181e-01 1.825741858350553670e+01
1.459404920964670060e-01 3.992680070378432644e-01 1.825741858350553670e+01
1.463261460794792190e-01 4.000013010764488786e-01 1.825741858350553670e+01
1.467128191696116246e-01 4.007229897408534081e-01 1.825741858350553670e+01
1.471005140598982408e-01 4.002449514177963130e-01 1.825741858350553670e+01
1.474892334504896707e-01 4.004353438580448565e-01 1.825741858350553670e+01
1.478789800486716433e-01 4.004710209850768643e-01 1.825741858350553670e+01
1.482697565688841368e-01 4.007747474514643526e-01 1.825741858350553670e+01
1.486615657327401419e-01 4.007785127694872829e-01 1.825741858350553670e+01
1.490544102690445072e-01 4.007202206414982038e-01 1.825741858350553670e+01
1.494482929138132021e-01 4.008729018173249892e-01 1.825741858350553670e+01
1.498432164102921071e-01 4.005506915298156501e-01 1.825741858350553670e+01
1.502391835089763872e-01 4.008464178713289638e-01 1.825741858350553670e+01
1.506361969676294488e-01 4.007559073182596632e-01 1.825741858350553670e+01
1.510342595513021191e-01 4.007090156375594514e-01 1.825741858350553670e+01
1.514333740323521305e-01 4.004321419107353952e-01 1.825741858350553670e+01
1.518335431904631883e-01 4.003355264014226145e-01 1.825741858350553670e+01
1.522347698126645110e-01 3.999964205353519486e-01 1.825741858350553670e+01
1.526370566933500927e-01 3.996562604175996625e-01 1.825741858350553670e+01
1.530404066342982705e-01 3.993991005134830408e-01 1.825741858350553670e+01
1.534448224446911258e-01 3.991611262844539376e-01 1.825741858350553670e+01
1.538503069411343294e-01 3.987796012949272884e-01 1.825741858350553670e+01
1.542568629476762654e-01 3.984085743725805928e-01 1.825741858350553670e+01
1.546644932958282093e-01 3.979907173116771224e-01 1.825741858350553670e+01
1.550732008245836735e-01 3.974793846532565511e-01 1.825741858350553670e+01
1.554829883804384472e-01 3.986216342445452199e-01 1.825741858350553670e+01
1.558938588174103024e-01 3.964852423537057469e-01 1.825741858350553670e+01
1.563058149970588118e-01 3.959063518106679669e-01 1.825741858350553670e+01
1.567188597885053603e-01 3.951279691150390017e-01 1.825741858350553670e+01
1.571329960684531013e-01 3.943541535487101735e-01 1.825741858350553670e+01
1.575482267212070520e-01 3.948934779814745055e-01 1.825741858350553670e+01
1.579645546386940491e-01 3.934190220676339611e-01 1.825741858350553670e+01
1.583819827204830111e-01 3.927001819849738062e-01 1.825741858350553670e+01
1.588005138738051436e-01 3.919002615224022601e-01 1.825741858350553670e+01
1.592201510135740072e-01 3.917991440565120054e-01 1.825741858350553670e+01
1.596408970624060564e-01 3.903639351435525540e-01 1.825741858350553670e+01
1.600627549506409009e-01 3.896072049167146889e-01 1.825741858350553670e+01
1.604857276163615398e-01 3.887405665114841979e-01 1.825741858350553670e+01
1.609098180054151783e-01 3.880050136952823414e-01 1.825741858350553670e+01
1.613350290714334057e-01 3.871490670988377847e-01 1.825741858350553670e+01
1.617613637758529566e-01 3.862784152282814909e-01 1.825741858350553670e+01
1.621888250879363613e-01 3.851352269360013292e-01 1.825741858350553670e+01
1.626174159847924294e-01 3.840792898951088663e-01 1.825741858350553670e+01
1.630471394513971217e-01 3.834088264535318591e-01 1.825741858350553670e+01
1.634779984806144781e-01 3.824593623923301378e-01 1.825741858350553670e+01
1.639099960732171291e-01 3.811893046951431718e-01 1.825741858350553670e+01
1.643431352379074450e-01 3.804078558798355547e-01 1.825741858350553670e+01
1.647774189913384646e-01 3.794353250974754066e-01 1.825741858350553670e+01
1.652128503581347108e-01 3.783649897305796928e-01 1.825741858350553670e+01
1.656494323709136185e-01 3.773999145197460270e-01 1.825741858350553670e+01
1.660871680703063236e-01 3.762847358046171875e-01 1.825741858350553670e+01
1.665260605049789511e-01 3.751154859764980198e-01 1.825741858350553670e+01
1.669661127316538207e-01 3.740197121893077403e-01 1.825741858350553670e+01
1.674073278151309296e-01 3.732145390842259158e-01 1.825741858350553670e+01
1.678497088283090466e-01 3.717720462694848460e-01 1.825741858350553670e+01
1.682932588522071116e-01 3.706744666304762625e-01 1.825741858350553670e+01
1.687379809759859128e-01 3.695090734648927566e-01 1.825741858350553670e+01
1.691838782969694033e-01 3.683441581248295682e-01 1.825741858350553670e+01
1.696309539206664885e-01 3.672082409132341185e-01 1.825741858350553670e+01
1.700792109607923430e-01 3.660329501443120304e-01 1.825741858350553670e+01
1.705286525392903374e-01 3.648869438649983699e-01 1.825741858350553670e+01
1.709792817863537151e-01 3.633842413197336807e-01 1.825741858350553670e+01
1.714311018404473252e-01 3.621644226880812445e-01 1.825741858350553670e+01
1.718841158483297160e-01 3.611419609407273690e-01 1.825741858350553670e+01
1.723383269650747007e-01 3.599907344537534026e-01 1.825741858350553670e+01
1.727937383540935623e-01 3.586216387428157182e-01 1.825741858350553670e+01
1.732503531871570357e-01 3.579645973380325974e-01 1.825741858350553670e+01
1.737081746444174291e-01 3.562805944765962685e-01 1.825741858350553670e+01
1.741672059144307450e-01 3.549266730691063576e-01 1.825741858350553670e+01
1.746274501941788015e-01 3.532577874243196248e-01 1.825741858350553670e+01
1.750889106890916314e-01 3.527571639408500492e-01 1.825741858350553670e+01
1.755515906130697135e-01 3.512730011370431837e-01 1.825741858350553670e+01
1.760154931885065388e-01 3.500623685780505090e-01 1.825741858350553670e+01
1.764806216463107313e-01 3.486693108409973374e-01 1.825741858350553670e+01
1.769469792259287799e-01 3.474304250416861972e-01 1.825741858350553670e+01
1.774145691753676313e-01 3.463154824351711292e-01 1.825741858350553670e+01
1.778833947512170610e-01 3.447029499695178356e-01 1.825741858350553670e+01
1.783534592186727663e-01 3.437331113862449050e-01 1.825741858350553670e+01
1.788247658515586258e-01 3.420190194053624455e-01 1.825741858350553670e+01
1.792973179323499033e-01 3.412655299768744821e-01 1.825741858350553670e+01
1.797711187521958132e-01 3.398675791604710561e-01 1.825741858350553670e+01
1.802461716109426682e-01 3.384972449428386154e-01 1.825741858350553670e+01
1.807224798171567781e-01 3.371770352515149338e-01 1.825741858350553670e+01
1.812000466881473482e-01 3.351335462795998477e-01 1.825741858350553670e+01
1.816788755499899044e-01 3.347853421735828006e-01 1.825741858350553670e+01
1.821589697375490258e-01 3.334240995713091960e-01 1.825741858350553670e+01
1.826403325945021305e-01 3.321073922695141345e-01 1.825741858350553670e+01
1.831229674733621526e-01 3.309919984614952404e-01 1.825741858350553670e+01
1.836068777355013282e-01 3.296391000014675110e-01 1.825741858350553670e+01
1.840920667511744546e-01 3.284355344329491500e-01 1.825741858350553670e+01
1.845785378995423720e-01 3.271293569587845895e-01 1.825741858350553670e+01
1.850662945686954719e-01 3.259749565972229202e-01 1.825741858350553670e+01
1.855553401556773174e-01 3.246187436336671617e-01 1.825741858350553670e+01
1.860456780665083465e-01 3.234302284833160401e-01 1.825741858350553670e+01
1.865373117162094085e-01 3.220910017580356222e-01 1.825741858350553670e+01
1.870302445288259396e-01 3.208815941050243148e-01 1.825741858350553670e+01
1.875244799374514160e-01 3.196757659639925531e-01 1.825741858350553670e+01
1.880200213842513346e-01 3.186164493339888604e-01 1.825741858350553670e+01
1.885168723204874441e-01 3.172266555189920956e-01 1.825741858350553670e+01
1.890150362065413925e-01 3.159641161694103917e-01 1.825741858350553670e+01
1.895145165119392350e-01 3.148488461498324953e-01 1.825741858350553670e+01
1.900153167153753042e-01 3.134573566709774051e-01 1.825741858350553670e+01
1.905174403047365239e-01 3.123246092030668719e-01 1.825741858350553670e+01
1.910208907771266673e-01 3.112506529943984690e-01 1.825741858350553670e+01
1.915256716388908653e-01 3.099563625769186093e-01 1.825741858350553670e+01
1.920317864056398649e-01 3.087376214757923121e-01 1.825741858350553670e+01
1.925392386022745095e-01 3.075899553007950260e-01 1.825741858350553670e+01
1.930480317630103859e-01 3.062477471698797915e-01 1.825741858350553670e+01
1.935581694314023882e-01 3.051480979228001766e-01 1.825741858350553670e+01
1.940696551603695030e-01 3.040398635525457527e-01 1.825741858350553670e+01
1.945824925122193183e-01 3.028807351450937269e-01 1.825741858350553670e+01
1.950966850586730306e-01 3.017291359987572807e-01 1.825741858350553670e+01
1.956122363808901754e-01 3.006203202117220807e-01 1.825741858350553670e+01
1.961291500694939127e-01 2.994249116606567118e-01 1.825741858350553670e+01
1.966474297245954517e-01 2.982262849491333911e-01 1.825741858350553670e+01
1.971670789558196690e-01 2.973508856980496828e-01 1.825741858350553670e+01
1.976881013823299504e-01 2.960283895405270704e-01 1.825741858350553670e+01
1.982105006328533925e-01 2.949542082388741382e-01 1.825741858350553670e+01
1.987342803457063656e-01 2.938571953556024519e-01 1.825741858350553670e+01
1.992594441688195495e-01 2.927245244454193540e-01 1.825741858350553670e+01
1.997859957597633018e-01 2.916092451401358088e-01 1.825741858350553670e+01
2.003139387857734710e-01 2.904651571227820361e-01 1.825741858350553670e+01
2.008432769237765703e-01 2.894092753248252436e-01 1.825741858350553670e+01
2.013740138604157015e-01 2.883887622006904294e-01 1.825741858350553670e+01
2.019061532920759794e-01 2.873021338167660588e-01 1.825741858350553670e+01
2.024396989249103440e-01 2.861965138962661581e-01 1.825741858350553670e+01
2.029746544748654846e-01 2.852068664138727172e-01 1.825741858350553670e+01
2.035110236677076245e-01 2.841615709437915749e-01 1.825741858350553670e+01
2.040488102390484448e-01 2.830486175490416478e-01 1.825741858350553670e+01
2.045880179343711747e-01 2.820756702190106990e-01 1.825741858350553670e+01
2.051286505090566259e-01 2.810309229347598969e-01 1.825741858350553670e+01
2.056707117284092556e-01 2.799760516797680232e-01 1.825741858350553670e+01
2.062142053676838116e-01 2.790094914242859381e-01 1.825741858350553670e+01
2.067591352121109782e-01 2.780676324557609380e-01 1.825741858350553670e+01
2.073055050569242719e-01 2.770770255540899174e-01 1.825741858350553670e+01
2.078533187073861310e-01 2.760266886812073328e-01 1.825741858350553670e+01
2.084025799788146727e-01 2.749384291473662145e-01 1.825741858350553670e+01
2.089532926966101989e-01 2.740763600652451060e-01 1.825741858350553670e+01
2.095054606962816479e-01 2.731628211085481706e-01 1.825741858350553670e+01
2.100590878234735170e-01 2.721472158103379613e-01 1.825741858350553670e+01
2.106141779339925912e-01 2.712438330283974963e-01 1.825741858350553670e+01
2.111707348938348661e-01 2.702488929676744034e-01 1.825741858350553670e+01
2.117287625792122763e-01 2.693097553184156667e-01 1.825741858350553670e+01
2.122882648765798685e-01 2.684096934516455590e-01 1.825741858350553670e+01
2.128492456826627799e-01 2.674603317018608428e-01 1.825741858350553670e+01
2.134117089044833826e-01 2.665268468261113854e-01 1.825741858350553670e+01
2.139756584593887068e-01 2.656116216922074225e-01 1.825741858350553670e+01
2.145410982750773077e-01 2.646900989251396719e-01 1.825741858350553670e+01
2.151080322896270214e-01 2.637713567219008848e-01 1.825741858350553670e+01
2.156764644515219986e-01 2.629002941096637014e-01 1.825741858350553670e+01
2.162463987196807658e-01 2.620216040989551964e-01 1.825741858350553670e+01
2.168178390634832031e-01 2.611944201483747396e-01 1.825741858350553670e+01
2.173907894627984949e-01 2.602697361175043689e-01 1.825741858350553670e+01
2.179652539080128570e-01 2.594108726478428495e-01 1.825741858350553670e+01
2.185412364000571539e-01 2.585838162595212042e-01 1.825741858350553670e+01
2.191187409504350703e-01 2.577549374416719941e-01 1.825741858350553670e+01
2.196977715812507559e-01 2.568840250630176070e-01 1.825741858350553670e+01
2.202783323252368586e-01 2.561688077787074858e-01 1.825741858350553670e+01
2.208604272257828627e-01 2.540253545439695726e-01 1.825741858350553670e+01
2.214440603369628446e-01 2.543480421743758990e-01 1.825741858350553670e+01
2.220292357235642833e-01 2.535880267007104005e-01 1.825741858350553670e+01
2.226159574611157876e-01 2.526419575440905785e-01 1.825741858350553670e+01
2.232042296359157407e-01 2.519507294485107129e-01 1.825741858350553670e+01
2.237940563450607767e-01 2.511651618705820210e-01 1.825741858350553670e+01
2.243854416964743692e-01 2.504179155865171591e-01 1.825741858350553670e+01
2.249783898089352252e-01 2.495479453329269293e-01 1.825741858350553670e+01
2.255729048121061786e-01 2.488018531662099797e-01 1.825741858350553670e+01
2.261689908465628063e-01 2.480214749795241480e-01 1.825741858350553670e+01
2.267666520638223215e-01 2.473858540924107619e-01 1.825741858350553670e+01
2.273658926263727176e-01 2.465324765216135861e-01 1.825741858350553670e+01
2.279667167077012724e-01 2.457341189127356107e-01 1.825741858350553670e+01
2.285691284923239974e-01 2.450239484018606750e-01 1.825741858350553670e+01
2.291731321758145590e-01 2.442787799598864773e-01 1.825741858350553670e+01
2.297787319648339210e-01 2.435467547297391899e-01 1.825741858350553670e+01
2.303859320771589336e-01 2.428013748695005969e-01 1.825741858350553670e+01
2.309947367417123087e-01 2.420850705021139471e-01 1.825741858350553670e+01
2.316051501985918748e-01 2.413680992971803663e-01 1.825741858350553670e+01
2.322171766990999697e-01 2.406610524467591161e-01 1.825741858350553670e+01
2.328308205057733893e-01 2.399678110709285161e-01 1.825741858350553670e+01
2.334460858924126969e-01 2.392646051611035385e-01 1.825741858350553670e+01
2.340629771441121443e-01 2.385780942119727632e-01 1.825741858350553670e+01
2.346814985572897028e-01 2.378936574226267753e-01 1.825741858350553670e+01
2.353016544397165677e-01 2.372039050654753400e-01 1.825741858350553670e+01
2.359234491105476339e-01 2.365091688896765465e-01 1.825741858350553670e+01
2.365468869003512775e-01 2.358555324556154686e-01 1.825741858350553670e+01
2.371719721511394152e-01 2.351787736511800897e-01 1.825741858350553670e+01
2.377987092163981186e-01 2.345338973676468208e-01 1.825741858350553670e+01
2.384271024611177570e-01 2.338713014774065346e-01 1.825741858350553670e+01
2.390571562618231671e-01 2.332266768159495518e-01 1.825741858350553670e+01
2.396888750066045182e-01 2.326544954915408525e-01 1.825741858350553670e+01
2.403222630951476479e-01 2.319431109730656637e-01 1.825741858350553670e+01
2.409573249387646499e-01 2.313564746117998672e-01 1.825741858350553670e+01
2.415940649604249035e-01 2.306733812055437316e-01 1.825741858350553670e+01
2.422324875947854950e-01 2.300670972003100168e-01 1.825741858350553670e+01
2.428725972882223583e-01 2.294257116370526650e-01 1.825741858350553670e+01
2.435143984988610844e-01 2.289316799066840602e-01 1.825741858350553670e+01
2.441578956966082570e-01 2.282307173834103864e-01 1.825741858350553670e+01
2.448030933631821504e-01 2.276403435315562107e-01 1.825741858350553670e+01
2.454499959921442875e-01 2.270281139860987896e-01 1.825741858350553670e+01
2.460986080889305538e-01 2.264235828440165632e-01 1.825741858350553670e+01
2.467489341708827000e-01 2.258561979830409072e-01 1.825741858350553670e+01
2.474009787672797334e-01 2.252578129397511952e-01 1.825741858350553670e+01
2.480547464193695040e-01 2.247173798818160873e-01 1.825741858350553670e+01
2.487102416804002070e-01 2.241427352040044063e-01 1.825741858350553670e+01
2.493674691156523016e-01 2.235514841034716149e-01 1.825741858350553670e+01
2.500264333024700414e-01 2.230084680771393379e-01 1.825741858350553670e+01
2.506871388302936987e-01 2.224841555683790828e-01 1.825741858350553670e+01
2.513495903006912613e-01 2.219578577462896496e-01 1.825741858350553670e+01
2.520137923273905178e-01 2.213633988856374413e-01 1.825741858350553670e+01
2.526797495363111712e-01 2.207059048501885112e-01 1.825741858350553670e+01
2.533474665655973679e-01 2.202642370642485525e-01 1.825741858350553670e+01
2.540169480656495060e-01 2.197125054598893790e-01 1.825741858350553670e+01
2.546881986991568758e-01 2.191689048662597283e-01 1.825741858350553670e+01
2.553612231411302447e-01 2.186974030850813433e-01 1.825741858350553670e+01
2.560360260789341647e-01 2.181506515992084616e-01 1.825741858350553670e+01
2.567126122123199461e-01 2.176079167189262920e-01 1.825741858350553670e+01
2.573909862534580761e-01 2.170799395529111886e-01 1.825741858350553670e+01
2.580711529269710258e-01 2.166544145645180053e-01 1.825741858350553670e+01
2.587531169699664457e-01 2.160171026478304723e-01 1.825741858350553670e+01
2.594368831320699731e-01 2.155774737801019469e-01 1.825741858350553670e+01
2.601224561754583164e-01 2.151009093900574931e-01 1.825741858350553670e+01
2.608098408748923958e-01 2.145843833567173120e-01 1.825741858350553670e+01
2.614990420177507047e-01 2.141892706622737785e-01 1.825741858350553670e+01
2.621900644040625616e-01 2.136262381232059970e-01 1.825741858350553670e+01
2.628829128465416387e-01 2.131047735472129667e-01 1.825741858350553670e+01
2.635775921706192682e-01 2.126642769147011613e-01 1.825741858350553670e+01
2.642741072144783043e-01 2.122065745277530446e-01 1.825741858350553670e+01
2.649724628290866524e-01 2.117253096701469384e-01 1.825741858350553670e+01
2.656726638782310190e-01 2.112716393297833783e-01 1.825741858350553670e+01
2.663747152385511630e-01 2.107755571072453538e-01 1.825741858350553670e+01
2.670786217995733125e-01 2.102855012106412402e-01 1.825741858350553670e+01
2.677843884637444716e-01 2.098919040230704525e-01 1.825741858350553670e+01
2.684920201464667255e-01 2.093909030620395573e-01 1.825741858350553670e+01
2.692015217761313250e-01 2.089790348314368995e-01 1.825741858350553670e+01
2.699128982941527699e-01 2.085789966446772725e-01 1.825741858350553670e+01
2.706261546550036701e-01 2.081151305682029384e-01 1.825741858350553670e+01
2.713412958262490515e-01 2.076829201608518805e-01 1.825741858350553670e+01
2.720583267885807732e-01 2.072439915235825547e-01 1.825741858350553670e+01
2.727772525358525546e-01 2.068323549660961713e-01 1.825741858350553670e+01
2.734980780751144480e-01 2.063520013987538704e-01 1.825741858350553670e+01
2.742208084266480328e-01 2.059580183703119405e-01 1.825741858350553670e+01
2.749454486240009987e-01 2.055330767054701357e-01 1.825741858350553670e+01
2.756720037140225621e-01 2.050968355689359035e-01 1.825741858350553670e+01
2.764004787568982713e-01 2.047394732159459607e-01 1.825741858350553670e+01
2.771308788261855338e-01 2.042278590818492057e-01 1.825741858350553670e+01
2.778632090088490880e-01 2.039627169376408700e-01 1.825741858350553670e+01
2.785974744052956420e-01 2.035247792401419509e-01 1.825741858350553670e+01
2.793336801294106220e-01 2.030694814510514701e-01 1.825741858350553670e+01
2.800718313085923672e-01 2.027291498757375077e-01 1.825741858350553670e+01
2.808119330837890448e-01 2.022763098063419529e-01 1.825741858350553670e+01
2.815539906095343436e-01 2.019179361535562434e-01 1.825741858350553670e+01
2.822980090539820575e-01 2.015179579881741234e-01 1.825741858350553670e+01
2.830439935989439992e-01 2.011210600705795881e-01 1.825741858350553670e+01
2.837919494399244735e-01 2.004419482579412326e-01 1.825741858350553670e+01
2.845418817861575245e-01 2.004149871730193933e-01 1.825741858350553670e+01
2.852937958606427959e-01 2.000010036936056834e-01 1.825741858350553670e+01
2.860476969001816139e-01 1.996504327623167818e-01 1.825741858350553670e+01
2.868035901554142342e-01 1.992852986332146470e-01 1.825741858350553670e+01
2.875614808908554254e-01 1.989173302936547982e-01 1.825741858350553670e+01
2.883213743849319943e-01 1.984735828282788161e-01 1.825741858350553670e+01
2.890832759300195343e-01 1.981908451740657107e-01 1.825741858350553670e+01
2.898471908324780633e-01 1.983310978096135824e-01 1.825741858350553670e+01
2.906131244126907709e-01 1.974952515473739623e-01 1.825741858350553670e+01
2.913810820050998784e-01 1.971723188095774459e-01 1.825741858350553670e+01
2.921510689582437759e-01 1.967961310868412139e-01 1.825741858350553670e+01
2.929230906347951024e-01 1.964673512374587039e-01 1.825741858350553670e+01
2.936971524115971621e-01 1.960735406706259065e-01 1.825741858350553670e+01
2.944732596797021151e-01 1.960049101693552287e-01 1.825741858350553670e+01
2.952514178444081705e-01 1.954124971733081362e-01 1.825741858350553670e+01
2.960316323252969450e-01 1.952927485488755166e-01 1.825741858350553670e+01
2.968139085562720991e-01 1.947978291786399418e-01 1.825741858350553670e+01
2.975982519855959740e-01 1.944176091711755650e-01 1.825741858350553670e+01
2.983846680759285608e-01 1.940945745632031982e-01 1.825741858350553670e+01
2.991731623043653032e-01 1.937872080860018609e-01 1.825741858350553670e+01
2.999637401624745126e-01 1.934669796574366718e-01 1.825741858350553670e+01
3.007564071563370023e-01 1.931458518317496764e-01 1.825741858350553670e+01
3.015511688065829476e-01 1.928151170717821439e-01 1.825741858350553670e+01
3.023480306484312985e-01 1.924502870563772339e-01 1.825741858350553670e+01
3.031469982317283041e-01 1.921863933679476277e-01 1.825741858350553670e+01
3.039480771209853160e-01 1.918643484752974304e-01 1.825741858350553670e+01
3.047512728954188677e-01 1.915682315331716512e-01 1.825741858350553670e+01
3.055565911489880881e-01 1.912542962786054346e-01 1.825741858350553670e+01
3.063640374904349484e-01 1.909727512235061264e-01 1.825741858350553670e+01
3.071736175433226190e-01 1.906736003072880548e-01 1.825741858350553670e+01
3.079853369460744950e-01 1.903439770873130710e-01 1.825741858350553670e+01
3.087992013520139967e-01 1.900749521714804047e-01 1.825741858350553670e+01
3.096152164294038722e-01 1.897638465183199008e-01 1.825741858350553670e+01
3.104333878614849995e-01 1.894790185743194244e-01 1.825741858350553670e+01
3.112537213465169650e-01 1.892009791581544809e-01 1.825741858350553670e+01
3.120762225978168658e-01 1.888990913613577960e-01 1.825741858350553670e+01
3.129008973437996666e-01 1.885309930197012485e-01 1.825741858350553670e+01
3.137277513280180008e-01 1.883187561816169198e-01 1.825741858350553670e+01
3.145567903092018058e-01 1.881259472422359413e-01 1.825741858350553670e+01
3.153880200612991236e-01 1.877934034555829579e-01 1.825741858350553670e+01
3.162214463735152914e-01 1.875316187777116561e-01 1.825741858350553670e+01
3.170570750503545199e-01 1.872366572212104674e-01 1.825741858350553670e+01
3.178949119116594169e-01 1.869714347300213686e-01 1.825741858350553670e+01
3.187349627926513995e-01 1.866715194422495505e-01 1.825741858350553670e+01
3.195772335439724943e-01 1.864223628168958924e-01 1.825741858350553670e+01
3.204217300317244166e-01 1.861688645144319865e-01 1.825741858350553670e+01
3.212684581375109816e-01 1.858801448935014644e-01 1.825741858350553670e+01
3.221174237584782940e-01 1.856158376936734855e-01 1.825741858350553670e+01
3.229686328073554380e-01 1.853778984118710227e-01 1.825741858350553670e+01
3.238220912124967210e-01 1.851319810773651431e-01 1.825741858350553670e+01
3.246778049179219749e-01 1.848731227311931902e-01 1.825741858350553670e+01
3.255357798833584670e-01 1.845893545757469334e-01 1.825741858350553670e+01
3.263960220842827553e-01 1.843163446629777769e-01 1.825741858350553670e+01
3.272585375119608231e-01 1.841079340603735959e-01 1.825741858350553670e+01
3.281233321734919328e-01 1.838580257423101938e-01 1.825741858350553670e+01
3.289904120918488162e-01 1.836155349972428408e-01 1.825741858350553670e+01
3.298597833059200291e-01 1.833470837608154047e-01 1.825741858350553670e+01
3.307314518705525841e-01 1.830864807940716099e-01 1.825741858350553670e+01
3.316054238565931955e-01 1.828478197685567963e-01 1.825741858350553670e+01
3.324817053509314668e-01 1.826299003103894758e-01 1.825741858350553670e+01
3.333603024565418016e-01 1.824839139567643043e-01 1.825741858350553670e+01
3.342412212925255921e-01 1.821585590145285982e-01 1.825741858350553670e+01
3.351244679941548510e-01 1.819396295878731029e-01 1.825741858350553670e+01
3.360100487129135671e-01 1.816903860813000315e-01 1.825741858350553670e+01
3.368979696165419480e-01 1.815311383650481669e-01 1.825741858350553670e+01
3.377882368890785525e-01 1.812383851702154824e-01 1.825741858350553670e+01
3.386808567309031459e-01 1.809937628487067462e-01 1.825741858350553670e+01
3.395758353587808309e-01 1.807970023663750536e-01 1.825741858350553670e+01
3.404731790059041252e-01 1.805551231928339551e-01 1.825741858350553670e+01
3.413728939219375369e-01 1.803226299003587441e-01 1.825741858350553670e+01
3.422749863730607522e-01 1.800989367914636596e-01 1.825741858350553670e+01
3.431794626420113237e-01 1.798684744573053051e-01 1.825741858350553670e+01
3.440863290281300779e-01 1.796590530198199642e-01 1.825741858350553670e+01
3.449955918474032490e-01 1.796846525763948488e-01 1.825741858350553670e+01
3.459072574325080529e-01 1.792277666025333949e-01 1.825741858350553670e+01
3.468213321328559307e-01 1.789988714628605593e-01 1.825741858350553670e+01
3.477378223146365688e-01 1.788102259446976428e-01 1.825741858350553670e+01
3.486567343608629743e-01 1.785827964881161189e-01 1.825741858350553670e+01
3.495780746714151621e-01 1.783916626461502508e-01 1.825741858350553670e+01
3.505018496630854519e-01 1.781755220373514303e-01 1.825741858350553670e+01
3.514280657696228771e-01 1.779653494846339667e-01 1.825741858350553670e+01
3.523567294417773166e-01 1.778026051355099946e-01 1.825741858350553670e+01
3.532878471473457349e-01 1.775832422597620475e-01 1.825741858350553670e+01
3.542214253712162586e-01 1.773590275349334056e-01 1.825741858350553670e+01
3.551574706154132510e-01 1.771527591322692441e-01 1.825741858350553670e+01
3.560959893991437752e-01 1.769510958990253291e-01 1.825741858350553670e+01
3.570369882588411148e-01 1.767694960320264075e-01 1.825741858350553670e+01
3.579804737482123467e-01 1.765638982723812533e-01 1.825741858350553670e+01
3.589264524382825838e-01 1.763896337684280613e-01 1.825741858350553670e+01
3.598749309174408828e-01 1.762249980159093787e-01 1.825741858350553670e+01
3.608259157914869841e-01 1.759824114529698613e-01 1.825741858350553670e+01
3.617794136836761099e-01 1.758136918215837396e-01 1.825741858350553670e+01
3.627354312347660370e-01 1.756048376942780098e-01 1.825741858350553670e+01
3.636939751030634493e-01 1.754226963786136573e-01 1.825741858350553670e+01
3.646550519644689015e-01 1.752490988968953833e-01 1.825741858350553670e+01
3.656186685125253355e-01 1.750496029939797027e-01 1.825741858350553670e+01
3.665848314584627121e-01 1.748831345348167976e-01 1.825741858350553670e+01
3.675535475312464717e-01 1.747267942114640038e-01 1.825741858350553670e+01
3.685248234776234422e-01 1.744926372505195000e-01 1.825741858350553670e+01
3.694986660621686347e-01 1.743141813317787281e-01 1.825741858350553670e+01
3.704750820673333722e-01 1.741534459895466846e-01 1.825741858350553670e+01
3.714540782934910856e-01 1.740065521416317151e-01 1.825741858350553670e+01
3.724356615589862196e-01 1.737885969165721967e-01 1.825741858350553670e+01
3.734198387001808617e-01 1.736218870725141361e-01 1.825741858350553670e+01
3.744066165715019823e-01 1.734309859091132389e-01 1.825741858350553670e+01
3.753960020454901181e-01 1.732674620670426879e-01 1.825741858350553670e+01
3.763880020128469450e-01 1.730908558046071744e-01 1.825741858350553670e+01
3.773826233824824072e-01 1.729128490084278491e-01 1.825741858350553670e+01
3.783798730815644551e-01 1.727972846129427753e-01 1.825741858350553670e+01
3.793797580555653415e-01 1.725584800417956921e-01 1.825741858350553670e+01
3.803822852683119704e-01 1.724130541956394036e-01 1.825741858350553670e+01
3.813874617020331925e-01 1.722209267752003725e-01 1.825741858350553670e+01
3.823952943574080998e-01 1.720841112387437311e-01 1.825741858350553670e+01
3.834057902536162077e-01 1.718997181456685674e-01 1.825741858350553670e+01
